time | cpu_utils[0] | cpu_utils
1714549013150 0.4 [0.4, 0.8, 1.2, 0.8]
1714549015653 1.7 [1.7, 0.4, 0.8, 0.8]
1714549018154 1.7 [1.7, 1.2, 1.2, 0.8]
1714549023158 1.9 [1.9, 0.4, 0.4, 0.8]
1714549025660 2.3 [2.3, 0.0, 1.6, 0.0]
1714549033167 1.9 [1.9, 1.2, 0.8, 1.2]
1714549035670 1.9 [1.9, 0.8, 0.4, 0.0]
1714549053187 3.1 [3.1, 0.9, 0.9, 0.4]
1714549058193 6.8 [6.8, 0.9, 1.3, 0.8]
1714549065698 10.7 [10.7, 1.3, 0.4, 0.4]
1714549070702 20.7 [20.7, 2.2, 2.6, 3.1]
1714549073205 26.9 [26.9, 3.4, 2.6, 1.8]
1714549078209 39.6 [39.6, 3.9, 6.0, 2.7]
1714549085717 56.1 [56.1, 3.5, 5.2, 5.4]
1714549090721 64.9 [64.9, 6.8, 7.6, 4.7]
1714549093222 78.8 [78.8, 10.7, 7.5, 7.6]
1714549098226 87.6 [87.6, 12.7, 13.4, 12.1]
1714549100727 92.5 [92.5, 9.4, 14.4, 8.0]
1714549105732 96.7 [96.7, 17.4, 13.1, 9.1]
1714549113240 98.4 [98.4, 18.3, 18.5, 11.3]
1714549118246 99.0 [99.0, 12.8, 18.4, 17.6]
1714549120749 100.0 [100.0, 21.0, 17.5, 14.6]
1714549125753 100.0 [100.0, 21.6, 12.2, 24.4]
1714549133259 100.0 [100.0, 25.2, 13.4, 10.0]
1714549140766 100.0 [100.0, 15.8, 11.5, 10.3]
1714549145770 100.0 [100.0, 17.3, 11.4, 17.4]
1714549153277 100.0 [100.0, 27.3, 21.8, 16.7]
1714549160782 100.0 [100.0, 26.2, 12.1, 15.2]
1714549168289 100.0 [100.0, 24.5, 14.4, 10.6]
1714549173293 100.0 [100.0, 17.1, 12.7, 9.5]
1714549180798 100.0 [100.0, 12.7, 12.7, 7.3]
