time | sum of all cpus utilisation | cpu0 | cpu1 | cpu2 | cpu3
1714548677612 6.3999999999999995 1.6 1.6 2.4 0.8
1714548682617 15.399999999999999 4.1 4.5 3.6 3.2
1714548685119 14.5 4.1 4.4 3.2 2.8
1714548690125 18.1 4.7 6.7 1.6 5.1
1714548697631 20.200000000000003 5.7 7.3 0.8 6.4
1714548702637 18.8 7.8 6.4 2.1 2.5
1714548705138 19.0 6.4 6.8 3.7 2.1
1714548710142 18.6 5.8 5.0 3.3 4.5
1714548717650 18.9 6.1 6.1 4.6 2.1
1714548722656 16.099999999999998 5.6 5.5 3.3 1.7
1714548725158 15.8 3.4 6.4 3.4 2.6
1714548730162 22.9 5.8 7.7 4.3 5.1
1714548737669 24.299999999999997 8.2 8.1 4.2 3.8
1714548742674 25.5 13.3 6.6 3.0 2.6
1714548745177 29.700000000000003 12.4 9.3 5.3 2.7
1714548750182 40.4 17.4 10.1 9.0 3.9
1714548752685 43.199999999999996 14.8 14.6 7.4 6.4
1714548757689 47.39999999999999 15.4 13.5 11.7 6.8
1714548765197 68.9 27.6 23.8 12.0 5.5
1714548770201 90.7 33.3 39.9 11.2 6.3
1714548772702 104.5 32.2 45.3 17.3 9.7
1714548777706 112.8 44.7 37.5 18.5 12.1
1714548780209 117.8 46.2 44.3 15.8 11.5
1714548785213 143.2 54.5 56.1 19.4 13.2
1714548792721 160.9 59.5 61.0 25.5 14.9
1714548797726 159.8 67.6 57.0 21.3 13.9
1714548800229 181.70000000000005 74.9 66.7 22.3 17.8
1714548805233 196.8 81.2 70.7 30.4 14.5
1714548812738 211.9 81.2 82.7 28.9 19.1
1714548820246 224.10000000000002 94.2 81.7 29.3 18.9
1714548825250 239.2 93.4 92.6 23.0 30.2
1714548827753 245.9 96.1 95.4 28.4 26.0
1714548832757 249.79999999999998 97.1 97.1 29.4 26.2
1714548840264 245.89999999999998 98.8 99.6 25.2 22.3
1714548845270 251.29999999999998 96.6 98.6 34.1 22.0
1714548847773 262.8 99.2 100.0 36.5 27.1
