#type       avg     std     min      p5     p10     p50     p67     p75     p80     p85     p90     p95     p99    p999   p9999      QPS   target       ts_start         ts_end
read      319.7   175.4   148.8   199.7   213.3   295.8   341.6   368.8   388.7   412.2   446.5   503.1   630.5  1281.4  7740.5  30159.3    30140  1713215106125  1713215116234
read      322.9   203.0   148.8   199.7   213.7   299.8   346.1   372.9   392.7   416.6   450.3   505.4   630.3  1128.9  8503.4  30084.7    30145  1713215117739  1713215127853
read      326.3   195.6   148.8   204.0   218.8   303.2   347.8   373.7   393.5   417.6   452.6   509.1   637.7  1300.5  8363.0  30186.7    30150  1713215129358  1713215139467
read      322.2   176.0   148.8   198.1   212.5   300.6   346.7   373.0   392.7   416.2   449.3   504.1   629.6  1109.4  7614.7  30136.8    30155  1713215140973  1713215151085
read      322.2   178.1   148.8   199.9   214.1   300.0   345.7   372.1   391.7   415.3   449.3   505.8   628.4  1172.3  7914.3  30086.1    30160  1713215152590  1713215162697
read      320.2   178.3   148.8   199.9   213.3   297.6   343.3   369.5   388.9   411.7   444.6   500.6   627.9  1204.0  8088.7  30171.4    30165  1713215164202  1713215174320
read      321.3   192.3   148.8   199.0   212.8   299.8   344.7   370.6   389.8   412.6   445.6   501.3   623.2  1265.0  8018.2  30214.3    30170  1713215175826  1713215185936
read      320.7   182.2   148.8   201.0   214.1   298.4   343.7   369.6   388.7   411.1   443.6   501.6   623.8  1235.4  8006.5  30159.4    30175  1713215187443  1713215197557
read      320.3   178.3   148.8   199.6   212.9   297.7   343.0   369.4   389.2   412.4   445.1   503.6   631.5  1088.0  7793.5  30174.2    30180  1713215199062  1713215209171
read      321.4   189.3   148.8   199.7   213.3   299.4   345.1   371.4   390.9   413.5   444.5   500.4   626.8  1084.6  8267.8  30245.9    30185  1713215210676  1713215220785
read      322.6   223.2   148.8   200.7   213.9   299.2   344.5   370.9   390.5   413.3   444.5   501.6   631.8  1443.2  8735.2  30183.8    30190  1713215222291  1713215232408
read      318.9   205.6   148.8   198.0   211.8   297.3   341.7   367.4   386.4   408.2   438.2   496.8   623.7  1203.6  8982.2  30181.0    30195  1713215233914  1713215244027
read      321.1   205.5   148.8   197.6   211.5   299.2   345.2   371.3   390.6   413.2   444.2   501.4   630.8  1013.6  9910.6  30253.9    30200  1713215245532  1713215255646
read      323.4   218.7   148.8   199.0   212.7   300.0   346.1   372.2   392.0   415.3   447.4   506.1   640.5  1308.9 10163.0  30237.0    30205  1713215257151  1713215267265
read      321.7   188.4   148.8   200.0   213.9   300.6   345.7   371.3   390.7   413.2   443.8   501.9   627.4  1040.3  8079.9  30164.1    30210  1713215268770  1713215278888
read      324.4   190.4   148.8   200.0   213.7   302.3   348.5   374.8   394.4   417.8   450.1   506.3   634.5  1263.1  8008.1  30260.0    30215  1713215280393  1713215290508
read      322.9   195.5   148.8   200.6   213.7   301.8   347.0   372.9   392.2   414.6   444.8   501.7   632.0  1202.3  7956.4  30153.2    30220  1713215292014  1713215302130
read      322.1   198.1   148.8   200.4   213.6   300.8   345.6   371.0   390.0   411.9   440.8   497.6   631.1  1523.2  8135.8  30146.3    30225  1713215303634  1713215313747
read      322.3   189.0   148.8   200.8   214.3   301.5   346.3   371.9   391.0   412.7   440.8   497.1   628.3  1209.3  8472.9  30185.0    30230  1713215315252  1713215325362
read      321.5   182.9   148.8   200.3   213.5   301.7   346.3   371.6   390.7   412.7   441.1   494.8   627.9  1099.4  8056.5  30152.4    30235  1713215326868  1713215336981
read      324.0   188.2   148.8   201.7   215.2   302.5   347.6   373.7   393.5   416.8   447.8   503.0   638.6  1091.1  8025.7  30197.8    30240  1713215338487  1713215348599
read      323.5   197.7   148.8   202.0   215.2   302.2   347.8   373.1   392.3   414.4   443.0   496.0   633.0  1359.0  8502.0  30182.4    30245  1713215350104  1713215360217
read      322.3   187.0   148.8   204.4   217.9   301.2   345.2   370.6   389.7   411.7   440.3   491.7   625.6  1223.3  8058.7  30203.4    30250  1713215361722  1713215371836
read      321.2   198.0   148.8   200.6   214.0   300.0   345.5   371.4   390.8   413.2   441.6   490.4   618.0  1290.6  8203.7  30206.5    30255  1713215373342  1713215383456
read      325.2   200.2   148.8   200.6   214.4   304.3   350.9   376.9   396.0   418.9   448.4   497.8   631.8  1287.1  8318.4  30348.1    30260  1713215384962  1713215395071
read      326.2   217.3   148.8   201.3   215.4   302.9   348.6   374.5   394.8   418.6   449.5   503.0   641.0  1544.2 11168.1  30249.9    30265  1713215396577  1713215406692
read      327.3   227.0   148.8   203.1   216.7   304.7   350.3   376.1   395.4   418.4   447.9   497.8   637.5  1785.7 10240.5  30279.3    30270  1713215408197  1713215418310
read      322.6   165.8   148.8   202.8   216.3   303.5   348.2   373.6   392.7   414.9   443.2   490.8   623.8  1185.1  7811.8  30229.5    30275  1713215419817  1713215429934

