#type       avg     std     min      p5     p10     p50     p67     p75     p80     p85     p90     p95     p99    p999   p9999      QPS   target       ts_start         ts_end
read      338.3   208.6   160.7   231.9   246.1   316.8   354.4   377.3   395.6   418.0   447.4   491.4   573.9  1734.4  8453.3  30209.7    30180  1713209435018  1713209445138
read      336.9   192.9   160.7   230.0   244.3   315.8   353.5   376.3   394.4   416.2   445.1   489.9   577.1  1549.3  8092.1  30111.1    30185  1713209446645  1713209456760
read      333.5   203.9   160.7   226.8   241.5   313.2   350.5   373.2   391.4   412.4   439.8   483.4   561.4  1596.8  8204.1  30201.7    30190  1713209458267  1713209468382
read      335.2   426.1   160.7   228.2   242.8   314.1   351.0   373.6   392.0   413.5   442.1   486.5   568.4  1385.4  9845.5  30219.6    30195  1713209469890  1713209480010
read      335.7   184.6   160.7   232.3   246.0   315.6   352.5   374.6   393.1   414.6   442.9   486.0   564.7  1165.9  8281.9  30176.3    30200  1713209481518  1713209491628
read      333.7   190.5   160.7   229.8   243.6   312.4   349.2   372.5   391.0   412.5   440.8   484.2   563.4  1565.5  8335.9  30257.8    30205  1713209493134  1713209503243
read      332.8   163.4   160.7   229.0   243.2   313.5   350.1   372.9   390.9   411.5   438.8   481.6   559.0  1431.1  7789.2  30252.5    30210  1713209504750  1713209514868
read      330.6   194.6   148.8   227.3   241.4   310.0   345.8   369.1   387.0   407.7   436.3   479.0   553.8  1740.8  8416.2  30171.1    30215  1713209516375  1713209526488
read      334.6   193.2   160.7   229.0   243.3   314.6   352.1   374.7   393.3   415.0   442.8   484.8   562.3  1148.4  9648.5  30183.6    30220  1713209527997  1713209538119
read      336.2   205.6   160.7   231.8   245.5   315.1   352.3   374.7   393.1   414.7   443.4   486.4   564.8  1376.8  9482.4  30047.4    30225  1713209539626  1713209549749
read      333.4   208.4   160.7   230.3   243.8   311.6   347.8   371.3   389.7   411.2   439.8   483.3   559.7  1682.9  8644.9  30136.1    30230  1713209551256  1713209561367
read      335.3   196.5   160.7   227.9   242.7   314.3   351.9   374.8   393.5   415.3   443.2   486.0   571.8  1643.0  8566.8  30238.7    30235  1713209562874  1713209572988
read      334.2   169.9   160.7   230.3   244.6   315.4   352.6   375.0   392.9   413.5   440.8   483.0   557.3  1080.6  8177.1  30242.7    30240  1713209574496  1713209584614
read      328.0   150.4   160.7   227.4   241.2   308.6   344.4   368.1   386.2   407.2   436.0   479.1   551.4   869.1  7818.0  30318.7    30245  1713209586123  1713209596249
read      336.4   242.3   160.7   228.5   243.2   315.0   351.7   374.0   392.1   413.1   440.9   483.3   563.4  1896.6 11059.8  30179.8    30250  1713209597756  1713209607864
read      332.6   179.4   160.7   228.9   243.1   312.6   348.5   371.7   389.8   410.7   438.9   482.7   558.4  1133.8  8251.4  30241.0    30255  1713209609370  1713209619485
read      338.2   243.8   160.7   228.7   242.7   310.5   346.3   370.3   389.1   411.6   442.8   491.6   676.1  3311.4 11042.6  30224.2    30260  1713209620991  1713209631129
read      345.0   262.8   160.7   230.6   244.7   315.7   354.4   378.4   397.3   421.3   453.3   502.3   689.6  3847.7 12058.3  30236.8    30265  1713209632640  1713209642912
read      333.6   201.4   160.7   228.0   242.7   314.0   350.8   373.2   390.9   411.2   438.5   480.8   553.3  1092.2  9424.9  30292.5    30270  1713209644422  1713209654535
read      334.7   197.7   148.8   229.9   244.2   314.2   351.0   373.4   391.5   412.3   439.7   481.9   556.9  1750.1  8626.8  30264.1    30275  1713209656042  1713209666161
read      333.4   684.9   160.7   227.6   241.6   310.1   345.6   369.0   386.9   407.5   436.7   481.1   556.5  1916.0  8642.3  30181.4    30280  1713209667667  1713209677785
read      334.0   224.2   160.7   227.1   241.3   312.0   349.4   372.8   391.4   413.0   441.4   484.2   565.7  1913.5 11167.6  30254.0    30285  1713209679293  1713209689403
