1714398114692 0.0 [0.0, 0.0, 0.0, 0.0]
1714398115693 3.0 [0.0, 1.0, 1.0, 1.0]
1714398116695 2.0 [0.0, 1.0, 0.0, 1.0]
1714398117696 2.0 [1.0, 1.0, 0.0, 0.0]
1714398118697 2.0 [1.0, 0.0, 1.0, 0.0]
1714398119699 3.0 [1.0, 0.0, 0.0, 2.0]
1714398120700 0.0 [0.0, 0.0, 0.0, 0.0]
1714398121701 2.9 [2.9, 0.0, 0.0, 0.0]
1714398122702 3.0 [0.0, 0.0, 1.0, 2.0]
1714398123704 9.1 [2.1, 2.0, 3.0, 2.0]
1714398124705 12.2 [3.1, 3.1, 3.0, 3.0]
1714398125706 9.2 [2.0, 3.1, 2.1, 2.0]
1714398126708 12.0 [2.0, 5.0, 2.0, 3.0]
1714398127708 11.2 [3.0, 3.1, 2.0, 3.1]
1714398128709 0.0 [0.0, 0.0, 0.0, 0.0]
1714398129711 17.3 [8.6, 2.0, 6.7, 0.0]
1714398130712 42.0 [13.9, 11.5, 9.6, 7.0]
1714398131713 43.099999999999994 [12.4, 11.4, 10.6, 8.7]
1714398132715 37.400000000000006 [7.8, 11.3, 5.0, 13.3]
1714398133716 53.1 [13.0, 17.3, 6.9, 15.9]
1714398134717 24.9 [6.1, 7.9, 5.9, 5.0]
1714398136720 48.8 [8.6, 3.0, 19.7, 17.5]
1714398137721 102.39999999999999 [21.8, 22.2, 34.6, 23.8]
1714398138722 105.6 [24.2, 34.6, 15.3, 31.5]
1714398139724 106.7 [35.8, 29.6, 26.8, 14.5]
1714398140725 94.4 [23.3, 28.6, 28.6, 13.9]
1714398141727 65.69999999999999 [25.0, 10.3, 12.0, 18.4]
1714398143729 93.0 [28.6, 20.5, 11.3, 32.6]
1714398144731 123.2 [25.8, 22.4, 28.5, 46.5]
1714398145732 129.9 [39.7, 42.1, 17.1, 31.0]
1714398146733 129.7 [36.0, 26.6, 27.2, 39.9]
1714398147735 131.39999999999998 [29.5, 38.6, 33.1, 30.2]
1714398148736 56.9 [12.8, 21.0, 9.5, 13.6]
1714398149737 2.0 [0.0, 0.0, 2.0, 0.0]
1714398150739 124.30000000000001 [30.5, 30.2, 33.1, 30.5]
1714398151740 158.60000000000002 [38.7, 32.6, 43.5, 43.8]
1714398152741 141.4 [28.0, 54.1, 45.4, 13.9]
1714398153743 150.89999999999998 [43.3, 38.8, 30.1, 38.7]
1714398154744 142.0 [39.9, 29.4, 26.3, 46.4]
1714398155745 42.1 [7.5, 16.8, 16.8, 1.0]
1714398157748 156.3 [42.8, 33.1, 38.1, 42.3]
1714398158749 156.5 [44.2, 16.5, 41.3, 54.5]
1714398159751 161.0 [37.2, 45.9, 48.1, 29.8]
1714398160752 156.3 [50.0, 31.5, 28.2, 46.6]
1714398161753 159.20000000000002 [42.3, 33.1, 39.4, 44.4]
1714398162755 6.8 [2.9, 0.0, 1.0, 2.9]
1714398163756 39.0 [16.8, 5.8, 2.0, 14.4]
1714398164757 170.0 [42.0, 45.8, 43.6, 38.6]
1714398165759 165.8 [34.8, 49.0, 52.5, 29.5]
1714398166760 163.39999999999998 [39.3, 22.6, 43.2, 58.3]
1714398167761 159.3 [47.3, 43.6, 29.8, 38.6]
1714398168763 147.6 [50.0, 40.9, 25.0, 31.7]
1714398170765 71.1 [16.5, 15.6, 19.5, 19.5]
1714398171767 166.4 [41.4, 34.6, 43.2, 47.2]
1714398172768 167.8 [58.4, 43.0, 25.9, 40.5]
1714398173770 169.9 [54.9, 51.4, 31.1, 32.5]
1714398174771 165.4 [29.2, 40.8, 57.4, 38.0]
1714398175772 120.29999999999998 [24.8, 32.3, 40.6, 22.6]
1714398177775 104.5 [17.9, 13.5, 40.6, 32.5]
1714398178776 177.8 [40.0, 54.4, 51.7, 31.7]
1714398179777 175.79999999999998 [42.9, 39.5, 46.3, 47.1]
1714398180779 162.89999999999998 [33.9, 56.0, 52.8, 20.2]
1714398181780 175.0 [46.8, 41.1, 43.5, 43.6]
1714398182781 93.2 [24.1, 19.5, 23.3, 26.3]
1714398183783 3.0 [1.0, 1.0, 1.0, 0.0]
1714398184784 137.3 [20.6, 35.9, 50.0, 30.8]
1714398185786 171.3 [39.3, 47.6, 49.6, 34.8]
1714398186787 171.70000000000002 [52.1, 58.0, 35.2, 26.4]
1714398187788 180.50000000000003 [37.6, 44.8, 55.7, 42.4]
1714398188789 169.1 [56.4, 49.2, 25.0, 38.5]
1714398189791 53.699999999999996 [10.7, 5.0, 19.1, 18.9]
1714398191794 154.79999999999998 [32.8, 59.4, 56.0, 6.6]
1714398192795 179.3 [59.0, 53.5, 27.0, 39.8]
1714398193796 173.8 [50.0, 47.2, 36.8, 39.8]
1714398194798 181.2 [48.8, 50.0, 40.3, 42.1]
1714398195799 180.0 [50.4, 44.4, 40.0, 45.2]
1714398196800 16.4 [1.0, 6.7, 7.7, 1.0]
1714398197801 28.8 [12.3, 9.5, 3.0, 4.0]
1714398198803 176.0 [58.0, 23.4, 28.4, 66.2]
1714398199804 183.39999999999998 [48.0, 42.5, 49.2, 43.7]
1714398200806 179.7 [36.6, 47.3, 56.1, 39.7]
1714398201807 177.7 [41.9, 64.2, 47.5, 24.1]
1714398202808 161.4 [54.5, 43.7, 31.9, 31.3]
1714398203810 3.0 [1.0, 1.0, 0.0, 1.0]
1714398204811 63.099999999999994 [19.4, 19.4, 16.3, 8.0]
1714398205812 178.4 [59.1, 56.8, 28.0, 34.5]
1714398206814 184.60000000000002 [50.0, 38.5, 44.9, 51.2]
1714398207815 182.60000000000002 [51.2, 52.1, 39.3, 40.0]
1714398208816 172.7 [60.9, 54.8, 19.8, 37.2]
1714398209818 142.6 [32.5, 46.8, 39.7, 23.6]
1714398210819 2.0 [0.0, 1.0, 0.0, 1.0]
1714398211820 105.0 [26.8, 26.4, 25.9, 25.9]
1714398212822 191.2 [62.0, 30.1, 38.9, 60.2]
1714398213823 184.7 [43.4, 65.7, 55.0, 20.6]
1714398214824 196.9 [56.3, 33.3, 40.4, 66.9]
1714398215825 194.3 [49.6, 48.7, 52.3, 43.7]
1714398216827 104.6 [36.8, 25.5, 7.3, 35.0]
1714398218830 132.79999999999998 [38.7, 46.4, 28.6, 19.1]
1714398219831 196.8 [58.6, 44.8, 35.5, 57.9]
1714398220832 193.9 [45.5, 55.5, 51.3, 41.6]
1714398221833 188.10000000000002 [56.9, 38.4, 35.5, 57.3]
1714398222835 193.1 [29.7, 46.2, 58.1, 59.1]
1714398223836 70.6 [17.8, 17.5, 22.2, 13.1]
1714398224837 6.9 [2.9, 2.0, 1.0, 1.0]
1714398225839 175.8 [41.8, 43.8, 47.7, 42.5]
1714398226840 199.2 [55.2, 45.4, 40.8, 57.8]
1714398227841 196.2 [40.8, 43.6, 60.0, 51.8]
1714398228843 198.3 [58.5, 43.5, 38.9, 57.4]
1714398229844 198.3 [33.3, 51.3, 61.9, 51.8]
1714398230846 27.5 [11.7, 5.0, 1.0, 9.8]
1714398231847 15.700000000000001 [4.9, 3.9, 2.9, 4.0]
1714398232848 200.30000000000004 [67.9, 61.2, 30.3, 40.9]
1714398233849 210.6 [63.3, 61.8, 50.9, 34.6]
1714398234850 204.79999999999998 [49.0, 53.3, 39.4, 63.1]
1714398235852 203.6 [59.3, 45.7, 44.7, 53.9]
1714398236853 202.60000000000002 [61.0, 45.8, 40.0, 55.8]
1714398237853 5.0 [1.0, 0.0, 2.0, 2.0]
1714398238855 62.900000000000006 [17.0, 12.6, 20.8, 12.5]
1714398239856 206.5 [56.9, 38.2, 42.4, 69.0]
1714398240858 205.6 [33.0, 68.9, 75.0, 28.7]
1714398241859 210.8 [61.8, 75.2, 53.3, 20.5]
1714398242860 214.9 [53.8, 50.9, 58.3, 51.9]
1714398243861 165.4 [30.4, 36.6, 55.7, 42.7]
1714398244863 5.9 [2.0, 2.9, 0.0, 1.0]
1714398245864 86.8 [27.7, 17.8, 17.8, 23.5]
1714398246865 220.60000000000002 [63.0, 57.4, 46.5, 53.7]
1714398247867 215.29999999999998 [75.5, 45.7, 33.0, 61.1]
1714398248868 212.20000000000002 [73.4, 34.7, 34.0, 70.1]
1714398249869 219.6 [73.0, 60.0, 40.2, 46.4]
1714398250871 136.89999999999998 [52.4, 28.3, 19.4, 36.8]
1714398252874 128.9 [29.7, 23.8, 28.7, 46.7]
1714398253875 230.0 [75.9, 46.4, 35.1, 72.6]
1714398254876 230.2 [60.4, 71.4, 39.6, 58.8]
1714398255877 223.99999999999997 [51.4, 44.8, 56.2, 71.6]
1714398256879 239.60000000000002 [51.0, 51.9, 86.7, 50.0]
1714398257880 114.30000000000001 [24.0, 20.0, 32.4, 37.9]
1714398259883 179.8 [64.4, 50.9, 28.6, 35.9]
1714398260884 238.80000000000004 [78.4, 65.7, 57.3, 37.4]
1714398261886 238.7 [65.2, 49.5, 63.3, 60.7]
1714398262887 242.10000000000002 [62.0, 68.8, 65.4, 45.9]
1714398263889 239.7 [78.1, 73.4, 45.2, 43.0]
1714398266892 229.5 [50.5, 72.5, 69.3, 37.2]
1714398267893 232.7 [50.5, 53.9, 81.8, 46.5]
1714398268895 238.5 [46.8, 61.0, 79.2, 51.5]
1714398269896 245.2 [73.5, 56.2, 69.6, 45.9]
1714398270897 235.29999999999998 [78.1, 48.1, 37.1, 72.0]
1714398273901 261.3 [59.2, 74.2, 64.3, 63.6]
1714398274903 259.3 [49.0, 55.4, 74.5, 80.4]
1714398275905 247.3 [32.6, 63.4, 84.0, 67.3]
1714398276906 252.7 [46.6, 98.0, 78.5, 29.6]
1714398277907 214.5 [38.5, 77.8, 70.5, 27.7]
1714398279910 89.0 [31.4, 27.0, 15.3, 15.3]
1714398280911 266.09999999999997 [73.8, 80.6, 60.2, 51.5]
1714398281913 258.3 [61.9, 60.4, 66.7, 69.3]
1714398282914 257.0 [82.2, 72.3, 40.4, 62.1]
1714398283915 252.10000000000002 [58.0, 80.8, 66.3, 47.0]
1714398284916 167.9 [22.8, 33.0, 58.2, 53.9]
1714398286919 140.9 [27.4, 27.3, 35.7, 50.5]
1714398287921 264.6 [61.9, 67.3, 71.3, 64.1]
1714398288922 254.9 [94.1, 80.2, 39.6, 41.0]
1714398289923 272.6 [71.0, 76.5, 67.0, 58.1]
1714398290925 265.8 [57.7, 70.7, 78.2, 59.2]
1714398291926 117.9 [39.0, 13.9, 21.0, 44.0]
