time | cpu0 | cpu1 | cpu2 | cpu3
1714388652624 0.0 0.0 0.0 0.0
1714388653625 0.0 0.0 0.0 0.0
1714388654627 1.0 1.0 1.0 1.0
1714388655627 0.0 0.0 1.0 0.0
1714388656629 1.1 0.0 0.0 1.0
1714388657630 0.0 0.0 0.0 0.0
1714388658631 0.0 1.0 0.0 2.1
1714388659633 1.0 2.1 1.0 0.0
1714388660634 0.0 0.0 2.0 0.0
1714388661635 1.0 2.0 2.0 1.0
1714388662637 0.0 0.0 0.0 0.0
1714388663638 2.1 2.1 2.1 1.1
1714388664639 1.1 0.0 2.1 1.0
1714388665641 3.2 3.1 0.0 1.1
1714388666642 2.1 3.1 2.2 1.0
1714388667643 3.0 2.1 2.2 1.0
1714388668644 1.0 1.0 1.0 1.0
1714388669646 0.0 3.1 1.0 4.0
1714388670647 8.2 7.3 4.1 4.2
1714388671647 8.2 5.3 7.0 8.2
1714388672649 8.3 6.1 5.4 5.1
1714388673650 7.4 5.9 7.1 7.2
1714388674651 3.1 4.2 4.1 4.1
1714388675653 2.0 0.0 0.0 0.0
1714388676654 7.9 5.0 6.1 8.8
1714388677655 17.9 17.0 15.2 14.7
1714388678657 11.9 9.8 15.7 13.0
1714388679658 17.5 13.6 11.8 14.0
1714388680659 17.8 12.6 8.0 11.9
1714388681661 8.0 6.9 5.9 10.6
1714388682662 1.0 0.0 1.0 1.0
1714388683663 20.7 20.4 14.0 15.1
1714388684665 34.4 27.8 26.5 24.3
1714388685666 25.7 24.3 24.6 21.1
1714388686667 25.9 27.6 25.9 21.5
1714388687669 29.1 22.7 21.1 21.1
1714388688670 9.6 8.7 10.4 9.5
1714388689671 1.0 0.0 1.0 0.0
1714388690673 25.2 35.4 33.1 25.4
1714388691674 27.7 46.4 30.9 23.2
1714388692675 36.5 34.1 34.9 26.3
1714388693677 36.4 33.9 26.7 32.5
1714388694678 37.2 33.6 24.1 35.2
1714388695679 2.0 6.8 3.0 6.8
1714388696681 4.0 4.9 3.0 6.7
1714388697681 46.5 35.7 36.9 38.6
1714388698683 36.5 39.8 43.8 35.2
1714388699683 36.2 37.0 44.9 36.7
1714388700685 40.6 37.0 44.9 34.9
1714388701686 42.6 35.2 28.1 37.0
1714388702687 0.0 0.0 0.0 0.0
1714388703689 10.2 11.3 23.5 20.9
1714388704690 38.8 40.5 42.4 43.6
1714388705691 38.2 50.0 44.1 34.4
1714388706693 39.8 41.2 41.8 47.2
1714388707694 39.7 45.3 39.5 45.7
1714388708695 30.4 37.0 34.1 30.3
1714388709697 2.0 1.0 1.0 2.0
1714388710698 23.5 25.0 25.2 24.3
1714388711699 35.2 47.5 52.1 47.1
1714388712701 42.1 41.4 45.2 52.7
1714388713702 48.6 49.7 42.9 34.1
1714388714704 47.1 40.9 38.9 51.8
1714388715705 28.6 22.6 18.6 32.8
1714388716706 0.0 0.0 1.0 1.0
1714388717707 33.6 42.1 35.2 29.1
1714388718709 43.7 43.7 39.8 59.1
1714388719710 36.3 38.9 52.4 53.8
1714388720711 39.2 48.9 51.7 46.2
1714388721713 54.5 35.2 37.1 58.2
1714388722714 12.1 14.5 21.2 20.5
1714388723715 0.0 1.0 2.0 1.0
1714388724717 47.0 48.1 33.6 44.9
1714388725718 51.8 57.9 35.0 42.3
1714388726719 49.6 45.9 36.9 57.6
1714388727721 40.9 55.0 53.6 41.4
1714388728723 40.6 48.4 54.9 50.7
1714388729724 3.9 9.5 8.7 2.0
1714388730725 5.0 10.4 7.8 3.0
1714388731727 54.1 54.0 39.2 47.3
1714388732727 40.5 53.6 56.6 44.2
1714388733729 45.2 39.2 51.2 58.5
1714388734730 50.8 43.5 49.2 49.2
1714388735732 35.8 44.5 52.6 47.3
1714388736733 1.0 1.0 0.0 1.0
1714388737734 25.9 16.2 16.0 13.1
1714388738735 43.5 47.2 64.3 46.9
1714388739737 55.4 59.7 47.0 42.7
1714388740738 48.0 46.4 54.5 51.9
1714388741739 56.7 47.2 50.8 46.9
1714388742741 41.7 29.8 29.9 45.7
1714388743742 1.0 1.0 0.0 1.0
1714388744743 31.6 25.5 23.4 38.9
1714388745745 49.6 66.9 47.3 43.0
1714388746746 36.4 58.0 59.3 53.6
1714388747747 61.3 48.8 32.5 62.8
1714388748749 45.1 56.5 59.4 44.6
1714388749750 15.5 29.2 28.9 36.0
1714388750751 0.0 0.0 0.0 0.0
1714388751751 31.3 35.7 54.1 40.4
1714388752753 47.2 52.1 52.4 55.6
1714388753754 61.7 54.1 46.7 50.4
1714388754755 59.7 60.2 47.9 47.2
1714388755757 56.9 58.2 38.8 55.3
1714388756759 16.7 9.7 21.1 19.6
1714388757760 1.0 0.0 0.0 0.0
1714388758761 45.4 41.8 58.9 60.2
1714388759762 56.2 53.7 56.6 54.7
1714388760763 61.3 44.5 38.1 69.8
1714388761765 54.3 60.3 52.1 51.3
1714388762766 52.1 53.0 57.7 57.4
1714388763768 6.9 6.9 3.0 3.0
1714388764769 6.9 5.0 8.7 9.9
1714388765770 57.9 67.7 41.2 52.1
1714388766771 63.4 55.2 37.5 63.8
1714388767773 54.5 65.5 59.8 46.2
1714388768774 51.7 57.6 61.7 51.4
1714388769776 38.3 52.6 59.7 47.6
1714388770777 0.0 0.0 0.0 0.0
1714388771779 20.0 16.3 24.0 24.5
1714388772779 62.8 57.3 50.9 66.4
1714388773781 44.7 65.0 64.9 52.7
1714388774782 62.1 62.2 52.2 57.7
1714388775783 51.3 51.8 64.4 64.4
1714388776785 29.2 45.0 41.5 41.7
1714388777786 0.0 0.0 0.0 0.0
1714388778787 40.2 31.5 13.9 42.9
1714388779789 47.6 60.3 51.8 75.2
1714388780791 71.8 59.0 39.8 60.9
1714388781791 62.8 63.3 60.5 51.9
1714388782793 50.9 79.2 65.2 38.2
1714388783795 34.3 19.2 34.6 29.9
1714388784796 0.0 0.0 1.0 1.0
1714388785797 26.0 38.5 59.8 53.3
1714388786799 66.4 71.4 49.5 53.2
1714388787799 62.0 69.6 57.7 51.4
1714388788801 61.0 85.7 57.5 46.8
1714388789802 64.0 71.3 58.3 52.4
1714388790804 11.0 23.3 17.5 16.5
1714388791805 0.0 2.0 1.0 1.0
1714388792807 70.9 63.7 45.9 57.3
1714388793807 54.1 54.2 69.0 74.0
1714388794809 70.0 47.7 57.9 74.5
1714388795811 56.9 59.8 64.1 65.0
1714388796811 63.0 40.2 55.1 88.5
1714388797813 0.0 5.0 5.9 2.0
1714388798814 6.8 4.1 16.8 15.7
1714388799815 48.0 68.6 82.5 58.4
1714388800817 58.5 61.0 59.0 70.9
1714388801819 75.0 60.0 49.0 70.4
1714388802819 68.9 67.0 59.4 66.0
1714388803821 50.0 63.7 56.3 46.2
1714388804822 0.0 2.0 1.0 0.0
1714388805823 31.7 20.4 19.6 23.0
1714388806825 67.6 80.0 74.5 40.4
1714388807827 35.9 52.5 98.0 71.8
1714388808827 68.6 51.4 77.9 63.4
1714388809829 55.2 81.9 87.0 37.9
1714388810831 28.0 29.3 61.4 49.5
1714388811831 1.0 1.0 1.0 0.0
1714388812833 42.6 29.9 25.5 46.1
1714388813834 87.3 74.0 33.0 69.5
1714388814835 54.8 74.0 72.4 60.6
1714388815837 45.7 80.6 85.6 51.1
1714388816838 78.8 60.4 45.5 79.0
1714388817839 28.3 32.3 32.7 25.5
1714388818841 1.0 0.0 0.0 1.0
1714388819842 45.2 44.0 54.5 59.0
1714388820843 54.6 74.3 79.2 62.4
1714388821845 70.7 60.8 60.0 72.4
1714388822847 73.0 54.8 57.8 78.2
1714388823847 73.3 90.1 60.7 49.5
1714388824849 8.8 22.0 22.2 9.9
1714388825850 0.0 0.0 0.0 0.0
1714388826852 0.0 0.0 0.0 1.0
1714388827853 0.0 0.0 1.0 0.0
1714388828854 0.0 0.0 0.0 0.0
1714388829855 0.0 1.0 1.0 0.0
1714388830857 2.0 0.0 0.0 1.0
1714388831858 1.0 0.0 1.0 0.0
