1714398797621 3.0 [0.0, 1.0, 1.0, 1.0]
1714398799623 8.8 [3.9, 2.9, 1.0, 1.0]
1714398800625 44.3 [13.5, 9.4, 12.0, 9.4]
1714398801625 37.199999999999996 [11.2, 8.6, 8.7, 8.7]
1714398802627 42.8 [10.4, 11.1, 14.4, 6.9]
1714398803628 46.5 [15.3, 10.4, 10.4, 10.4]
1714398804629 38.199999999999996 [10.3, 13.5, 8.6, 5.8]
1714398807633 63.5 [8.7, 20.0, 15.7, 19.1]
1714398808634 58.7 [15.5, 13.6, 13.9, 15.7]
1714398809636 52.3 [11.2, 14.8, 13.9, 12.4]
1714398810637 56.400000000000006 [13.8, 15.5, 14.8, 12.3]
1714398814641 58.4 [10.7, 17.4, 14.4, 15.9]
1714398815643 62.400000000000006 [15.9, 19.6, 12.7, 14.2]
1714398816644 54.2 [11.4, 12.5, 14.3, 16.0]
1714398817646 60.7 [16.4, 8.9, 17.6, 17.8]
1714398820649 68.8 [14.7, 20.4, 15.7, 18.0]
1714398821651 89.4 [28.6, 18.2, 28.2, 14.4]
1714398822652 84.6 [20.9, 26.1, 28.8, 8.8]
1714398823653 83.1 [22.5, 16.5, 20.2, 23.9]
1714398824655 94.4 [28.6, 21.2, 24.1, 20.5]
1714398827659 108.1 [19.1, 32.0, 21.1, 35.9]
1714398828660 103.6 [25.0, 19.4, 34.4, 24.8]
1714398829661 113.9 [28.8, 22.3, 34.4, 28.4]
1714398830663 117.4 [26.9, 28.8, 33.1, 28.6]
1714398831664 117.80000000000001 [33.6, 28.9, 31.4, 23.9]
1714398834668 130.1 [35.4, 34.7, 30.2, 29.8]
1714398835669 135.70000000000002 [33.1, 36.7, 23.4, 42.5]
1714398836671 138.2 [36.0, 38.0, 32.5, 31.7]
1714398837672 119.9 [33.9, 35.0, 32.5, 18.5]
1714398838673 140.1 [32.8, 34.7, 43.4, 29.2]
1714398841677 148.5 [31.7, 39.1, 41.4, 36.3]
1714398842679 149.4 [37.7, 43.0, 26.3, 42.4]
1714398843680 154.3 [33.1, 44.9, 40.8, 35.5]
1714398844681 159.8 [38.5, 36.8, 45.6, 38.9]
1714398845683 127.0 [26.3, 32.8, 41.2, 26.7]
1714398848687 153.5 [28.7, 35.0, 53.1, 36.7]
1714398849688 147.5 [38.7, 21.8, 32.5, 54.5]
1714398850690 160.6 [41.1, 28.7, 41.5, 49.3]
1714398851691 154.2 [30.4, 42.0, 43.1, 38.7]
1714398855696 164.1 [52.5, 56.5, 29.4, 25.7]
1714398856697 156.39999999999998 [45.5, 48.1, 33.3, 29.5]
1714398857699 158.0 [39.2, 37.7, 36.5, 44.6]
1714398858700 169.0 [41.5, 42.2, 52.2, 33.1]
1714398861704 136.9 [24.3, 27.2, 48.9, 36.5]
1714398862705 175.60000000000002 [33.3, 39.5, 60.5, 42.3]
1714398863707 159.7 [28.2, 40.5, 51.9, 39.1]
1714398864708 170.0 [38.8, 50.0, 49.6, 31.6]
1714398865710 173.6 [48.5, 38.3, 39.2, 47.6]
1714398868713 170.4 [46.5, 35.9, 43.8, 44.2]
1714398869715 163.7 [31.8, 35.9, 55.8, 40.2]
1714398870716 168.9 [40.2, 43.1, 49.2, 36.4]
1714398871717 174.7 [33.9, 36.8, 56.0, 48.0]
1714398872719 169.70000000000002 [50.0, 46.7, 45.1, 27.9]
1714398875723 184.29999999999998 [53.0, 57.1, 46.3, 27.9]
1714398876724 174.1 [25.5, 43.0, 58.6, 47.0]
1714398877726 178.1 [32.5, 35.7, 52.5, 57.4]
1714398878727 185.10000000000002 [41.7, 45.8, 48.4, 49.2]
1714398879728 159.89999999999998 [44.4, 36.2, 32.1, 47.2]
1714398882732 182.0 [46.7, 35.2, 43.2, 56.9]
1714398883734 191.0 [46.6, 54.8, 44.0, 45.6]
1714398884735 186.6 [52.0, 38.5, 36.1, 60.0]
1714398885736 186.3 [52.8, 52.6, 37.7, 43.2]
1714398889741 193.7 [62.3, 53.4, 39.1, 38.9]
1714398890743 185.9 [45.0, 56.7, 49.1, 35.1]
1714398891744 188.9 [55.8, 48.7, 44.4, 40.0]
1714398892744 185.6 [36.2, 54.2, 61.3, 33.9]
1714398895748 162.0 [31.4, 43.7, 48.2, 38.7]
1714398896750 200.20000000000002 [53.4, 45.5, 50.4, 50.9]
1714398897751 206.10000000000002 [54.2, 48.2, 55.0, 48.7]
1714398898752 198.4 [52.2, 53.0, 47.7, 45.5]
1714398899752 199.0 [43.1, 48.2, 50.0, 57.7]
1714398902756 196.39999999999998 [57.1, 49.1, 46.4, 43.8]
1714398903757 202.0 [46.8, 33.0, 58.6, 63.6]
1714398904759 204.2 [44.3, 50.4, 62.9, 46.6]
1714398905760 210.2 [55.3, 59.0, 47.3, 48.6]
1714398906762 200.20000000000002 [59.1, 50.4, 54.3, 36.4]
1714398909766 211.5 [62.7, 66.1, 50.0, 32.7]
1714398910767 205.10000000000002 [44.9, 54.1, 60.4, 45.7]
1714398911768 220.4 [59.3, 42.2, 54.5, 64.4]
1714398912769 211.0 [49.5, 51.8, 47.3, 62.4]
1714398913770 185.79999999999998 [43.4, 51.3, 40.2, 50.9]
1714398916775 227.9 [62.8, 45.8, 43.4, 75.9]
1714398917776 223.0 [54.2, 42.3, 53.2, 73.3]
1714398918778 224.4 [65.2, 58.2, 52.4, 48.6]
1714398919779 218.89999999999998 [52.9, 60.2, 41.3, 64.5]
1714398923785 234.4 [75.0, 55.0, 40.0, 64.4]
1714398924787 234.6 [76.4, 58.1, 51.5, 48.6]
1714398925788 239.0 [62.5, 70.8, 44.2, 61.5]
1714398926790 237.39999999999998 [66.7, 59.8, 49.1, 61.8]
1714398929794 179.3 [47.8, 54.7, 40.6, 36.2]
1714398930795 234.89999999999998 [48.2, 67.0, 75.0, 44.7]
1714398931797 231.2 [37.4, 68.5, 59.3, 66.0]
1714398932799 228.0 [44.6, 52.3, 67.3, 63.8]
1714398933800 233.89999999999998 [52.6, 59.6, 75.0, 46.7]
1714398936804 229.4 [69.9, 48.3, 43.3, 67.9]
1714398937806 239.0 [67.9, 62.8, 48.1, 60.2]
1714398938807 236.7 [63.4, 53.1, 38.5, 81.7]
1714398939809 239.89999999999998 [63.3, 50.9, 75.2, 50.5]
1714398940810 247.90000000000003 [41.8, 61.1, 91.7, 53.3]
1714398943812 253.20000000000002 [56.4, 81.7, 61.2, 53.9]
1714398944813 253.60000000000002 [74.8, 46.8, 58.2, 73.8]
1714398945815 249.0 [56.6, 59.2, 62.6, 70.6]
1714398946817 256.70000000000005 [47.5, 33.7, 85.9, 89.6]
1714398947818 232.5 [73.1, 45.9, 50.0, 63.5]
1714398950821 260.20000000000005 [53.8, 37.0, 79.0, 90.4]
1714398951823 249.8 [54.0, 39.8, 73.5, 82.5]
1714398952825 264.5 [66.7, 44.0, 68.8, 85.0]
1714398953826 261.2 [73.1, 31.3, 64.6, 92.2]
1714398957830 264.8 [82.4, 61.0, 48.1, 73.3]
1714398958832 263.2 [46.9, 56.0, 76.5, 83.8]
1714398959833 258.9 [63.9, 52.4, 58.1, 84.5]
1714398960835 262.7 [67.0, 76.2, 51.5, 68.0]
1714398964840 261.5 [36.0, 68.3, 97.0, 60.2]
1714398965841 264.0 [47.0, 68.4, 87.0, 61.6]
1714398966843 269.0 [58.4, 59.8, 78.4, 72.4]
1714398967844 266.5 [69.7, 71.7, 65.3, 59.8]
