1714389323563 [0.0, 0.0, 0.0, 0.0]
1714389324564 [2.0, 0.0, 0.0, 1.0]
1714389325565 [0.0, 1.0, 0.0, 0.0]
1714389326567 [0.0, 0.0, 1.0, 0.0]
1714389327567 [0.0, 0.0, 0.0, 0.0]
1714389328569 [0.0, 3.0, 1.0, 2.0]
1714389329570 [0.0, 3.0, 0.0, 1.1]
1714389330571 [1.0, 0.0, 0.0, 0.0]
1714389331573 [1.0, 0.0, 0.0, 0.0]
1714389332574 [1.1, 1.0, 2.1, 0.0]
1714389333575 [1.0, 0.0, 0.0, 1.0]
1714389334577 [1.0, 2.0, 1.0, 1.0]
1714389335578 [2.2, 2.0, 2.0, 2.1]
1714389336579 [4.2, 1.0, 1.1, 2.1]
1714389337581 [4.1, 2.1, 1.1, 3.2]
1714389338582 [4.1, 2.0, 3.2, 2.1]
1714389339583 [1.0, 1.1, 0.0, 1.1]
1714389340584 [2.0, 1.0, 2.0, 1.0]
1714389341586 [0.0, 2.0, 1.0, 2.0]
1714389342587 [7.4, 5.1, 6.3, 4.3]
1714389343587 [8.0, 3.1, 12.4, 4.2]
1714389344589 [6.2, 9.2, 10.9, 5.2]
1714389345590 [11.8, 5.1, 8.4, 6.1]
1714389346591 [6.1, 5.1, 8.1, 9.2]
1714389347593 [0.0, 0.0, 0.0, 0.0]
1714389348594 [7.7, 6.8, 5.0, 4.0]
1714389349595 [15.4, 13.3, 14.4, 20.8]
1714389350597 [21.8, 14.4, 16.3, 18.7]
1714389351598 [14.7, 17.8, 8.9, 19.6]
1714389352599 [20.4, 17.8, 12.4, 18.4]
1714389353601 [17.8, 14.2, 9.8, 7.8]
1714389354602 [1.0, 0.0, 1.0, 0.0]
1714389355603 [15.6, 18.9, 9.6, 9.6]
1714389356605 [23.9, 18.3, 26.3, 29.3]
1714389357606 [22.3, 31.7, 17.9, 35.0]
1714389358607 [23.3, 26.7, 25.9, 36.0]
1714389359609 [30.3, 21.2, 35.0, 23.3]
1714389360610 [9.6, 16.7, 21.9, 6.9]
1714389361611 [0.0, 1.0, 0.0, 0.0]
1714389362613 [21.9, 23.5, 24.8, 24.1]
1714389363614 [32.8, 35.4, 34.1, 32.8]
1714389364615 [34.9, 35.9, 36.2, 30.6]
1714389365617 [40.9, 32.5, 29.5, 33.9]
1714389366618 [32.8, 35.7, 41.0, 25.9]
1714389367619 [17.9, 13.0, 7.8, 12.8]
1714389368621 [1.0, 0.0, 1.0, 2.0]
1714389369622 [39.4, 39.7, 22.4, 38.0]
1714389370623 [37.0, 36.2, 35.9, 43.3]
1714389371624 [45.7, 35.7, 28.3, 38.3]
1714389372626 [39.7, 39.4, 40.6, 39.8]
1714389373627 [39.4, 36.6, 42.2, 38.5]
1714389374629 [8.6, 4.9, 3.0, 4.9]
1714389375630 [3.9, 2.9, 5.8, 3.9]
1714389376631 [44.6, 35.0, 41.7, 46.4]
1714389377631 [38.2, 46.8, 43.2, 45.7]
1714389378633 [50.3, 41.4, 38.5, 37.4]
1714389379634 [48.6, 39.4, 39.5, 39.2]
1714389380635 [43.8, 43.7, 38.9, 34.6]
1714389381637 [0.0, 0.0, 1.0, 0.0]
1714389382638 [22.6, 11.4, 8.7, 18.8]
1714389383639 [48.6, 37.1, 41.2, 51.7]
1714389384641 [48.2, 38.8, 40.8, 53.4]
1714389385642 [57.0, 48.6, 33.3, 40.3]
1714389386643 [52.7, 39.7, 37.0, 52.4]
1714389387645 [32.8, 44.4, 41.4, 20.4]
1714389388646 [1.0, 1.0, 1.0, 0.0]
1714389389647 [26.7, 26.7, 21.4, 24.8]
1714389390649 [50.0, 47.4, 45.9, 43.9]
1714389391650 [52.5, 56.8, 33.3, 35.6]
1714389392651 [51.8, 52.5, 36.1, 45.5]
1714389393653 [51.4, 54.2, 34.4, 45.0]
1714389394654 [20.0, 28.8, 27.1, 29.7]
1714389395656 [1.0, 0.0, 0.0, 0.0]
1714389396657 [25.0, 37.4, 39.2, 31.4]
1714389397658 [41.5, 40.0, 60.0, 45.7]
1714389398659 [53.3, 49.6, 44.3, 44.5]
1714389399661 [51.8, 33.3, 43.2, 56.7]
1714389400662 [45.7, 44.2, 50.0, 51.1]
1714389401664 [13.0, 23.9, 28.2, 14.0]
1714389402665 [0.0, 1.0, 0.0, 0.0]
1714389403666 [49.6, 46.6, 42.3, 32.8]
1714389404668 [58.0, 37.2, 38.5, 60.0]
1714389405669 [60.3, 40.9, 46.2, 51.5]
1714389406670 [49.2, 45.3, 53.0, 48.5]
1714389407671 [46.1, 57.4, 43.3, 48.4]
1714389408673 [8.7, 13.1, 8.7, 5.8]
1714389409675 [4.9, 5.0, 4.8, 0.0]
1714389410675 [56.4, 46.8, 44.4, 53.8]
1714389411677 [46.1, 60.7, 55.5, 37.8]
1714389412678 [54.2, 54.1, 51.2, 41.7]
1714389413679 [55.2, 46.4, 47.2, 52.3]
1714389414681 [47.7, 49.2, 59.4, 30.1]
1714389415682 [0.0, 0.0, 2.0, 1.0]
1714389416683 [13.5, 8.8, 14.4, 24.1]
1714389417685 [50.8, 57.4, 59.1, 38.5]
1714389418686 [51.6, 55.0, 57.3, 42.7]
1714389419688 [43.8, 52.0, 58.3, 50.8]
1714389420689 [56.3, 49.2, 42.0, 62.7]
1714389421691 [33.3, 46.7, 47.1, 34.5]
1714389422692 [1.0, 2.0, 1.0, 0.0]
1714389423693 [29.5, 21.2, 34.5, 21.7]
1714389424695 [45.4, 51.6, 62.8, 49.6]
1714389425695 [48.8, 44.1, 56.0, 63.4]
1714389426697 [49.2, 61.6, 52.5, 50.4]
1714389427698 [61.5, 49.2, 41.2, 58.5]
1714389428699 [37.6, 28.3, 26.6, 38.6]
1714389429700 [0.0, 2.0, 0.0, 1.0]
1714389430702 [23.8, 39.3, 46.7, 39.7]
1714389431703 [66.9, 69.8, 39.3, 36.3]
1714389432705 [51.7, 52.1, 64.0, 54.4]
1714389433707 [67.5, 46.8, 43.5, 56.9]
1714389434709 [59.5, 51.3, 55.3, 53.7]
1714389435709 [15.7, 22.6, 29.6, 16.3]
1714389436711 [0.0, 0.0, 0.0, 1.0]
1714389437711 [48.0, 49.1, 56.8, 45.2]
1714389438713 [45.7, 61.9, 60.8, 54.1]
1714389439715 [59.3, 46.6, 56.4, 63.2]
1714389440715 [50.8, 49.1, 50.4, 70.7]
1714389441717 [54.2, 50.9, 51.8, 64.7]
1714389442719 [10.5, 12.6, 10.8, 6.1]
1714389443719 [4.0, 4.0, 1.0, 5.0]
1714389444721 [53.7, 67.8, 60.9, 50.9]
1714389445723 [49.5, 67.9, 50.9, 61.1]
1714389446723 [42.1, 52.3, 68.3, 69.6]
1714389447725 [70.8, 50.9, 45.1, 61.9]
1714389448726 [43.5, 68.8, 57.1, 53.6]
1714389449728 [0.0, 0.0, 0.0, 0.0]
1714389450729 [10.1, 22.3, 21.0, 14.6]
1714389451731 [51.4, 72.5, 76.3, 37.5]
1714389452731 [69.2, 69.0, 52.3, 49.5]
1714389453733 [72.7, 74.2, 49.6, 40.4]
1714389454735 [73.9, 52.7, 43.6, 66.4]
1714389455737 [41.5, 32.7, 57.7, 50.9]
1714389456738 [0.0, 0.0, 0.0, 1.0]
1714389457739 [29.0, 21.8, 28.8, 38.3]
1714389458741 [56.8, 68.6, 67.9, 53.7]
1714389459742 [63.6, 60.0, 66.7, 58.9]
1714389460743 [46.7, 67.3, 73.0, 56.1]
1714389461745 [70.4, 54.5, 53.3, 65.8]
1714389462746 [26.0, 37.3, 46.2, 27.9]
1714389463748 [0.0, 1.0, 1.0, 0.0]
1714389464749 [52.0, 55.6, 36.8, 26.0]
1714389465751 [77.0, 48.2, 53.2, 73.1]
1714389466751 [77.5, 59.3, 55.7, 59.8]
1714389467753 [51.0, 53.3, 82.6, 62.7]
1714389468754 [83.5, 79.5, 46.7, 41.1]
1714389469756 [25.7, 32.1, 18.0, 12.7]
1714389470757 [0.0, 0.0, 1.0, 0.0]
1714389471759 [76.2, 62.4, 36.1, 52.0]
1714389472759 [48.1, 66.7, 67.9, 75.0]
1714389473761 [46.5, 58.2, 68.3, 82.5]
1714389474762 [75.0, 73.1, 50.5, 57.0]
1714389475763 [73.8, 74.3, 49.5, 54.7]
1714389476765 [5.9, 9.1, 14.7, 8.9]
1714389477766 [5.0, 5.9, 2.0, 7.9]
1714389478767 [66.0, 80.8, 61.1, 56.6]
1714389479769 [52.8, 64.3, 67.9, 76.8]
1714389480771 [79.4, 58.6, 41.2, 77.2]
1714389481771 [62.6, 59.0, 58.9, 76.7]
1714389482773 [68.0, 70.8, 37.0, 62.1]
1714389483774 [2.0, 0.0, 0.0, 0.0]
1714389484775 [10.7, 19.2, 23.0, 21.8]
1714389485777 [39.6, 71.8, 89.2, 64.7]
1714389486779 [43.7, 74.8, 82.5, 59.6]
1714389487779 [54.3, 94.0, 74.5, 40.4]
1714389488781 [76.2, 59.6, 52.5, 84.0]
1714389489783 [19.2, 42.7, 72.0, 53.5]
1714389490784 [0.0, 1.0, 1.0, 1.0]
1714389491785 [34.3, 49.5, 29.3, 18.8]
1714389492787 [68.6, 64.0, 63.7, 70.6]
1714389493788 [38.2, 48.1, 94.9, 86.3]
1714389494790 [62.4, 54.5, 67.0, 80.4]
1714389495791 [63.9, 39.8, 68.3, 94.0]
1714389496793 [25.0, 26.7, 43.0, 41.0]
1714389497794 [0.0, 1.0, 0.0, 1.0]
1714389498795 [1.0, 1.0, 0.0, 0.0]
1714389499796 [1.0, 0.0, 0.0, 0.0]
1714389500797 [0.0, 0.0, 0.0, 0.0]
1714389501799 [0.0, 0.0, 0.0, 0.0]
1714389502799 [1.0, 1.0, 0.0, 1.0]
