Random waveform, supplied seed
Total number of intervals = 162 (7434, 67201, 85927, 63953, 31595, 87879, 7287, 62295, 6561, 22532, 60653, 59076, 60154, 22964, 8172, 27652, 37594, 24367, 33771, 84944, 85666, 51918, 34406, 28664, 38289, 20658, 13840, 93419, 98284, 71313, 42089, 46458, 30755, 42889, 93552, 65694, 29574, 51355, 67361, 16287, 81508, 87619, 99068, 51267, 11822, 97494, 97350, 55460, 85984, 82043, 52873, 13911, 49984, 9274, 27187, 18735, 86505, 93039, 75999, 32324, 84255, 81759, 37291, 53818, 30297, 31569, 38927, 10652, 98119, 48176, 34929, 69735, 20753, 84642, 42333, 61587, 77998, 97625, 23781, 66723, 31016, 47394, 95335, 5252, 65908, 16889, 42912, 99898, 26385, 22616, 50605, 90283, 26273, 48521, 34058, 75648, 19482, 15054, 75754, 5187, 17656, 96343, 36665, 85269, 31525, 61798, 12253, 25710, 79937, 7271, 85861, 91467, 72217, 31080, 76878, 84584, 12492, 57106, 96245, 6791, 90728, 5151, 82969, 42635, 99337, 95192, 69200, 49459, 29055, 64324, 5705, 84816, 23714, 74116, 19948, 44213, 19454, 7190, 47657, 44399, 6481, 5807, 83137, 9580, 37385, 33706, 35204, 50438, 48878, 42682, 27416, 64424, 64364, 5481, 26227, 26586, 86286, 24452, 26832, 29795, 46224, 84587)
Average QPS expected = 49492
Timestamp start: 1714598727317
Timestamp end: 1714599537791

#type       avg     std     min      p5     p10     p50     p67     p75     p80     p85     p90     p95     p99    p999   p9999      QPS   target
read      419.3   695.3   160.7   224.4   242.1   370.9   424.8   453.4   471.7   495.5   526.4   584.0  1421.7  8496.6 36362.2   7360.8     7434
read      408.8   370.3   148.8   203.9   219.8   341.8   419.3   467.5   505.9   554.7   621.6   737.9  1600.4  3915.3  9706.5  67270.0    67201
read      432.9   544.5   137.8   203.2   219.8   344.7   414.0   458.8   495.0   542.0   613.6   808.3  1937.4  6141.1 20210.5  85758.4    85927
read      422.6   437.5   148.8   200.8   216.3   341.9   418.9   468.6   511.4   565.7   636.6   790.7  1751.8  5164.8  8788.7  64059.2    63953
read      510.4   750.7   148.8   204.5   221.1   390.4   522.4   607.2   674.0   757.4   858.9   942.8  1756.0  7851.5 32315.7  31635.0    31595
read      556.0   643.7   148.8   214.3   236.4   393.6   479.3   541.7   598.2   690.4  1326.9  1663.3  2299.1  6970.5 24904.1  87826.0    87879
read      414.1   660.5   160.7   221.6   240.3   358.7   404.3   428.7   446.5   467.0   497.1   559.4  1636.4  7746.2 30943.1   7312.6     7287
read      405.8   297.5   148.8   199.0   214.5   337.5   416.7   468.4   510.4   564.1   632.8   766.6  1542.4  2709.3  8135.7  62079.6    62295
read      510.5  1428.5   160.7   223.6   242.9   363.3   413.9   441.7   462.0   487.7   525.1   629.6  4477.1 29784.6 40663.9   6607.4     6561
read      542.0  1224.4   148.8   203.8   220.5   395.0   499.2   556.5   605.1   671.3   765.1   931.3  3324.5 17414.9 36795.6  22613.0    22532
read      409.4   331.0   148.8   198.3   213.8   336.2   414.8   466.9   510.4   567.0   636.4   775.6  1620.2  3708.5  7265.9  60717.8    60653
read      402.2   362.1   148.8   197.6   212.6   333.9   410.3   463.4   505.9   559.2   625.7   730.1  1513.2  3283.2 11826.3  59092.2    59076
read      402.1   491.7   148.8   197.1   212.2   330.9   404.6   456.6   498.7   551.3   617.8   714.9  1461.8  4326.5 22694.6  60105.4    60154
read      401.6   377.4   148.8   199.1   214.8   355.0   454.1   493.2   517.7   543.9   581.2   655.0  1062.9  4013.9 14247.4  22930.8    22964
read      467.5   933.0   160.7   220.9   239.8   370.6   420.0   447.0   466.9   495.3   538.8   661.7  2822.9 10362.1 33519.9   8173.4     8172
read      483.3   772.7   148.8   201.0   216.7   358.7   477.1   534.3   576.7   630.9   730.2   932.2  2406.4 10420.4 31283.2  27816.4    27652
read      462.4   551.9   137.8   197.4   213.1   342.7   462.7   535.6   589.1   653.0   779.9   981.8  1876.3  5214.0 21805.0  37612.2    37594
read      460.4   585.5   148.8   202.9   218.8   378.1   485.7   537.1   576.5   627.0   711.9   882.8  1871.6  5031.1 31221.5  24385.4    24367
read      508.7   911.0   148.8   201.1   217.3   356.2   481.9   553.2   606.5   674.2   805.1   991.8  2816.2 10178.7 33496.0  33759.2    33771
read      410.0   543.1   148.8   202.2   218.1   339.3   409.4   452.7   486.3   529.6   589.2   693.6  1662.4  6717.9 28865.9  84959.0    84944
read      399.0   514.4   148.8   201.6   217.1   336.3   403.5   445.7   477.8   518.3   573.7   669.4  1574.9  5898.9 29669.7  85593.2    85666
read      420.5   436.7   148.8   198.8   214.3   335.4   418.9   476.9   523.2   579.3   645.7   800.1  1650.9  5780.4 14737.7  52105.8    51918
read      458.9   576.8   148.8   198.7   214.6   346.1   468.1   536.0   584.1   639.6   742.1   975.9  1820.6  5797.8 27837.7  34451.4    34406
read      480.7   708.1   148.8   201.7   217.6   358.9   479.7   539.5   584.2   640.6   749.6   972.0  2452.0  9498.5 32299.8  28745.2    28664
read      465.9   596.8   148.8   200.7   216.2   343.6   458.2   531.0   582.7   642.8   760.2  1040.1  1848.5  7599.5 29715.1  38509.8    38289
read      469.8   653.0   148.8   206.3   222.6   388.4   484.0   531.0   564.5   607.0   677.2   828.7  2295.0  7103.0 31280.1  20590.6    20658
read      563.1  1394.0   148.8   210.6   227.5   388.7   465.0   505.7   540.0   587.4   658.5   901.3  5005.7 27921.3 37539.8  13950.2    13840
read      414.1   438.9   148.8   206.6   223.8   349.6   419.1   462.1   496.1   539.1   599.1   716.7  1684.0  4699.3 15511.6  93329.4    93419
read      430.4   525.0   148.8   209.2   228.7   364.3   433.7   477.6   511.8   557.4   621.4   738.0  1650.4  6402.6 28750.7  98231.6    98284
read      403.6   442.7   137.8   199.3   214.6   333.5   405.0   452.0   489.0   536.8   602.0   715.6  1681.2  4319.3 10944.8  71325.4    71313
read      463.2   727.1   148.8   199.5   215.0   338.9   437.8   507.9   558.1   617.5   696.8   996.8  1976.8 10125.0 31528.5  42103.4    42089
read      426.7   512.9   137.8   198.3   213.9   336.2   425.5   488.7   536.2   591.6   658.7   834.3  1573.7  6306.8 23399.5  46572.4    46458
read      462.7   604.4   148.8   201.3   217.2   354.3   474.8   536.8   580.7   632.4   722.2   926.2  1798.0  6437.0 29280.0  30727.0    30755
read      449.4   499.5   148.8   204.5   220.8   344.4   444.7   515.1   566.7   625.3   705.3   994.5  1702.4  5694.7 19205.8  42797.6    42889
read      474.3   562.3   148.8   211.9   232.6   379.1   458.1   510.1   553.9   613.9   698.8   920.7  1958.4  7140.9 28374.5  93649.2    93552
read      404.7   522.6   148.8   201.2   216.6   333.2   404.8   453.1   491.9   540.7   606.0   703.5  1518.2  6153.2 24482.2  65590.8    65694
read      483.4   739.9   148.8   202.2   217.7   359.8   480.0   541.9   587.5   647.3   759.7   991.8  2178.5  8625.4 31535.0  29602.6    29574
read      413.6   381.0   137.8   199.1   214.5   337.3   422.5   482.4   530.2   585.5   651.9   798.3  1477.4  4093.5 10163.4  51303.8    51355
read      390.9   415.0   148.8   199.1   213.8   330.6   402.3   448.2   485.8   533.6   596.5   686.5  1360.8  3632.0 16051.7  67263.6    67361
read      439.2   424.5   160.7   211.9   228.8   395.3   477.1   519.8   549.1   588.8   636.7   719.7  1322.2  4519.5 12364.5  16305.2    16287
read      413.1   537.8   148.8   202.9   218.8   341.3   414.7   460.4   496.0   539.9   601.5   706.9  1679.1  6460.8 29579.2  81206.6    81508
read      410.4   532.7   148.8   203.4   219.8   343.6   413.2   455.8   488.2   528.8   586.2   687.6  1655.4  6111.7 28287.3  87470.4    87619
read      445.2   693.9   137.8   210.8   230.6   366.9   438.6   487.2   525.5   574.5   639.2   752.5  1619.7  9672.9 31433.8  98985.4    99068
read      412.2   370.3   148.8   202.6   218.2   343.0   429.0   484.9   529.0   582.6   644.7   739.4  1474.9  3500.5 10875.2  51106.6    51267
read      497.9  1012.5   148.8   217.2   233.3   387.5   456.2   494.5   525.7   568.1   629.0   767.7  3251.5 11429.2 32684.8  11753.2    11822
read      404.2   473.1   148.8   204.8   221.6   343.7   408.7   449.7   481.4   521.9   577.7   675.0  1602.1  5956.8 18245.3  97293.2    97494
read      413.1   533.4   148.8   204.5   222.0   347.7   412.6   453.3   485.8   528.0   587.0   695.0  1634.7  7642.3 25379.1  97379.4    97350
read      400.5   379.3   148.8   199.3   214.1   334.7   412.4   464.0   505.4   556.4   619.3   709.6  1461.9  3930.6 12518.5  55661.2    55460
read      407.7   519.2   148.8   202.8   218.9   339.0   408.8   453.1   487.1   530.3   589.5   693.2  1639.9  6385.6 23736.5  85725.6    85984
read      408.1   474.3   148.8   202.7   218.7   342.2   414.4   458.7   493.1   536.5   597.7   706.4  1593.4  5151.7 17246.6  81995.2    82043
read      409.5   355.9   148.8   201.3   216.4   341.6   422.7   476.7   519.8   572.1   635.1   729.4  1525.2  4517.5  7857.2  53224.2    52873
read      463.7   473.9   160.7   219.0   235.5   412.8   492.8   544.5   590.3   643.4   707.0   796.4  1388.9  5719.1 23332.1  13945.4    13911
read      427.5   470.4   148.8   201.4   216.8   343.3   428.2   487.9   534.7   589.7   658.7   800.9  1645.9  5672.2 19979.2  50083.0    49984
read      427.4   532.4   160.7   223.4   240.7   381.9   443.9   477.4   502.6   534.7   576.4   640.7  1462.6  5508.7 30294.8   9253.8     9274
read      467.3   749.2   148.8   204.7   220.6   367.1   475.0   528.4   566.5   612.5   677.8   836.9  1835.3  8569.8 31848.5  27218.8    27187
read      438.1   461.2   148.8   209.2   226.5   396.2   484.8   534.3   571.1   612.4   660.4   734.5  1085.6  4287.3 19593.1  18756.4    18735
read      407.2   504.8   148.8   204.3   220.7   343.0   411.0   453.8   487.3   529.7   587.8   687.9  1618.6  5796.4 24244.1  86233.6    86505
read      396.4   429.5   148.8   203.5   219.9   339.6   404.3   444.6   474.9   514.3   569.5   662.5  1576.1  5493.2 12051.4  93035.6    93039
read      406.2   483.9   148.8   201.5   217.1   337.6   409.7   455.8   491.4   535.3   595.4   704.0  1577.8  6123.1 14428.6  75984.6    75999
read      457.7   454.4   148.8   204.8   220.9   366.7   487.1   550.6   598.1   653.1   735.8   934.8  1601.8  4671.4 14977.6  32313.2    32324
read      416.1   539.2   137.8   203.1   219.3   342.2   411.9   455.2   488.7   531.5   589.8   701.8  1745.5  6481.2 28192.2  84410.8    84255
read      398.6   404.8   148.8   200.6   216.2   335.1   402.1   445.0   478.6   521.9   581.7   691.8  1635.2  4529.5 13859.1  81916.4    81759
read      450.5   474.4   148.8   202.4   218.5   357.3   470.4   537.4   585.8   644.5   733.3   938.2  1559.4  4765.6 22954.0  37226.4    37291
read      406.2   353.4   148.8   200.7   215.7   337.4   416.1   468.6   511.6   564.2   627.6   728.3  1501.1  3969.5  9104.4  53959.6    53818
read      467.9   519.2   148.8   203.3   219.9   373.6   490.9   550.9   596.7   655.8   750.8   940.2  1659.9  6008.3 24082.0  30346.2    30297
read      454.1   326.7   148.8   204.5   220.9   389.3   503.3   568.0   620.8   685.0   766.1   891.9  1243.3  3079.6  9776.3  31532.0    31569
read      457.4   360.9   148.8   204.7   221.2   360.4   475.1   546.0   601.6   669.0   776.2   941.3  1551.3  4058.2  9564.4  38879.8    38927
read      473.8   940.8   148.8   217.3   235.1   391.4   460.1   495.7   520.2   547.2   587.8   658.1  2337.3 10764.9 32345.0  10678.0    10652
read      493.5   608.0   148.8   220.9   245.1   398.9   482.2   540.7   586.8   641.3   722.2   903.5  1839.1  7194.0 30457.5  98067.2    98119
read      410.8   485.4   148.8   201.4   216.5   338.8   419.4   475.4   519.1   570.6   630.2   714.6  1443.1  5968.4 19413.7  48276.6    48176
read      459.7   536.0   148.8   204.8   221.3   362.4   477.5   543.3   592.5   649.8   738.5   949.4  1519.6  5968.3 21340.5  34909.0    34929
read      352.3   191.0   148.8   195.8   210.2   317.4   385.4   426.2   457.3   495.3   541.7   604.9   717.9  1619.4  7551.8  69690.8    69735
read      423.1   463.0   148.8   206.8   223.4   380.1   464.2   504.3   533.6   570.7   624.6   717.6  1090.3  4269.7 25126.1  20724.4    20753
read      408.3   298.6   148.8   204.4   221.0   346.6   418.7   463.0   497.6   541.1   602.1   724.4  1693.0  2770.9  8358.2  84654.6    84642
read      467.6   568.7   148.8   203.7   219.7   348.1   457.5   532.8   589.4   662.8   797.4   888.1  1685.7  5802.5 28712.7  42344.4    42333
read      386.2   262.7   148.8   197.9   212.7   326.6   399.7   449.3   489.5   540.8   605.6   705.9  1364.0  2279.0  8005.9  61535.8    61587
read      380.0   316.3   148.8   198.1   213.2   326.8   396.4   439.1   471.4   512.6   569.7   662.5  1376.0  3115.1 12046.4  78358.0    77998
read      377.8   303.1   148.8   203.0   219.1   335.0   396.2   433.1   461.7   497.8   546.8   629.7  1291.7  3329.7  6969.7  97479.4    97625
read      456.2   543.5   148.8   205.0   221.0   381.5   486.4   538.1   578.6   632.8   725.0   879.4  1478.4  5624.6 30456.7  23730.8    23781
read      402.1   311.0   148.8   198.9   213.9   331.5   402.7   451.1   491.4   542.6   612.7   741.2  1685.2  2750.9  9802.0  66688.4    66723
read      450.4   561.1   148.8   200.6   215.7   345.5   465.2   526.3   567.5   617.3   700.1   940.9  1687.9  6080.9 29789.6  31167.2    31016
read      452.8   534.1   137.8   201.8   217.4   340.6   432.5   502.2   554.7   618.8   713.4  1067.3  1746.1  6401.3 23197.8  47200.8    47394
read      370.1   278.6   148.8   200.0   215.8   326.9   388.3   425.2   453.8   489.5   538.0   618.9  1258.3  2978.9  7926.7  95275.2    95335
read      430.0  1023.5   160.7   229.9   249.1   334.7   367.3   387.3   401.6   422.6   451.7   521.4  2771.7 16532.3 32165.1   5279.2     5252
read      392.3   393.2   148.8   197.8   212.5   324.2   394.9   441.1   479.8   530.2   594.9   695.7  1494.2  4877.7 10650.8  65628.0    65908
read      471.8   689.3   148.8   209.0   225.5   397.6   475.9   516.7   548.5   594.2   677.8   826.9  2326.4  6518.0 31439.9  16801.8    16889
read      455.1   499.6   148.8   200.8   216.6   338.4   443.3   515.9   569.3   632.5   746.5  1083.1  1743.7  5472.2 22240.7  42930.4    42912
read      375.9   302.7   148.8   202.2   218.0   332.2   391.8   428.8   457.8   494.0   543.0   630.8  1245.5  2946.7 10342.1  99699.0    99898
read      474.4   597.4   148.8   204.0   220.1   373.1   488.0   544.6   587.3   643.5   758.2   959.7  1865.4  6415.0 29207.3  26510.8    26385
read      459.7   701.7   148.8   203.2   218.7   376.8   477.0   524.8   559.5   608.0   693.5   852.6  1716.6  7860.3 32466.8  22715.0    22616
read      443.1   445.1   148.8   201.7   217.6   338.8   426.2   493.7   547.1   612.5   701.4  1044.9  1731.9  4998.4 12270.9  50696.2    50605
read      376.9   288.7   137.8   200.1   215.7   328.5   392.5   431.7   462.6   500.4   551.3   637.8  1389.8  3561.7  8129.4  90290.0    90283
read      468.3   695.0   148.8   204.5   220.5   365.1   479.5   534.5   573.6   623.0   708.3   908.0  1785.8  8524.6 30431.2  26325.8    26273
read      418.0   323.1   148.8   199.2   214.6   334.0   419.0   483.7   534.1   592.2   666.0   911.0  1535.0  3593.8  8869.7  48644.8    48521
read      447.8   505.1   148.8   199.5   214.9   339.9   459.2   526.6   572.3   627.2   726.0   977.8  1539.2  5897.0 18253.8  34118.8    34058
read      382.7   262.7   148.8   199.8   215.0   326.2   394.6   437.3   470.8   514.7   575.4   671.7  1553.0  2762.6  7589.1  75895.2    75648
read      455.6   522.1   148.8   208.4   225.2   387.7   476.4   519.0   550.1   596.9   678.1   827.0  1790.8  6151.5 25155.7  19386.8    19482
read      447.4   617.2   148.8   211.3   228.6   390.6   462.7   500.3   530.8   574.0   641.7   754.6  1611.7  6203.7 29892.4  14998.2    15054
read      410.2   331.6   148.8   199.7   214.9   332.6   403.4   448.5   484.6   532.9   602.7   772.1  1781.6  2889.2  8542.5  75806.0    75754
read      465.4  1256.6   173.5   227.2   246.6   335.0   372.2   395.4   413.1   435.0   467.8   564.1  3335.7 28419.9 32320.3   5215.8     5187
read      502.4   985.7   148.8   208.1   224.7   397.5   483.0   527.9   563.5   616.8   698.5   839.3  2817.0 12318.9 36390.9  17598.2    17656
read      390.6   303.9   148.8   204.5   221.4   342.8   407.4   447.5   477.5   516.3   570.9   663.8  1420.3  3016.3  9415.2  96457.2    96343
read      466.0   507.2   148.8   202.8   218.7   348.3   471.0   543.1   593.5   654.3   766.6   896.8  1751.1  5961.6 16500.3  36585.8    36665
read      406.1   361.9   148.8   201.3   217.8   339.7   409.4   453.6   487.7   531.3   592.7   717.3  1743.2  3726.7 10875.8  85442.4    85269
read      450.9   550.0   148.8   202.3   217.5   349.8   462.9   524.3   567.5   620.1   703.7   950.0  1594.8  6239.5 29341.3  31549.4    31525
read      385.8   273.1   137.8   198.3   213.1   332.2   403.7   450.1   487.9   535.9   596.3   687.3  1329.8  2507.8  9058.8  61709.0    61798
read      498.1   985.6   160.7   214.7   231.8   395.9   465.4   505.6   539.3   583.4   643.0   759.6  3121.9 11485.7 32034.2  12203.0    12253
read      476.7   634.0   148.8   204.7   220.5   376.0   488.7   546.0   589.8   657.2   777.8   966.5  1824.2  6594.5 30859.0  25529.4    25710
read      380.4   347.4   148.8   196.5   211.4   325.5   390.7   430.1   461.2   501.0   556.8   656.3  1554.6  3077.2 13430.4  80071.2    79937
read      463.6   978.1   160.7   224.2   242.7   361.7   407.6   435.0   456.9   483.9   527.5   680.0  2812.2 12357.1 32216.9   7316.8     7271
read      414.2  1209.4   148.8   202.6   218.4   339.9   408.4   453.0   488.4   534.3   598.4   732.6  1756.5  3189.3 10341.1  85637.8    85861
read      370.0   249.1   137.8   198.9   214.3   324.4   385.8   423.2   452.5   488.9   538.8   625.6  1440.0  2631.6  7694.6  91372.8    91467
read      371.8   239.6   148.8   196.5   211.1   321.2   389.4   431.9   466.7   510.1   571.4   660.9  1270.9  2325.6  7806.0  72158.0    72217
read      475.9   730.2   148.8   202.9   218.6   354.9   477.8   541.9   588.6   652.9   793.1   879.5  1742.8  8947.2 32362.9  30946.8    31080
read      389.4   359.0   137.8   197.0   211.8   323.9   391.0   433.2   466.9   510.4   572.1   676.2  1682.4  3642.8 10013.1  76844.8    76878
read      373.4   269.1   137.8   197.7   213.1   326.1   391.0   430.8   461.8   500.0   551.4   638.6  1324.2  2763.1  9932.9  84642.4    84584
read      449.6   771.2   148.8   212.4   228.8   376.9   438.6   469.4   495.4   530.7   589.0   694.5  2215.3  7561.6 36225.3  12524.2    12492
read      400.1   273.2   148.8   199.2   214.4   330.4   404.1   459.8   505.7   561.9   630.3   776.8  1499.9  2313.1  7744.1  57105.6    57106
read      383.6   287.3   148.8   201.1   217.5   334.7   397.4   435.6   465.5   503.5   555.5   645.0  1532.7  3464.6  8895.9  96096.8    96245
read      476.0  1213.8   160.7   223.0   241.0   352.3   400.0   427.6   448.1   471.4   506.7   582.8  3497.7 27441.0 36872.4   6814.6     6791
read      412.7   389.4   148.8   203.3   219.8   343.6   411.9   456.6   492.5   537.7   599.7   723.5  1784.0  3638.3 12598.7  90553.6    90728
read      462.4  1262.4   160.7   230.6   251.9   340.5   377.5   399.7   418.4   441.4   478.9   619.4  2930.1 30342.2 37186.0   5204.0     5151
read      375.9   290.6   137.8   196.5   211.6   323.8   389.4   429.2   460.2   498.9   551.1   647.0  1482.5  2910.4  9715.3  82992.6    82969
read      433.2   418.4   148.8   198.7   214.0   332.5   431.5   502.9   553.4   614.4   713.8   961.2  1551.2  4075.8 10371.3  42845.8    42635
read      398.0   338.8   148.8   203.4   220.7   342.4   404.8   444.0   473.7   512.6   567.3   664.0  1673.1  4520.8  8553.9  99398.8    99337
read      377.0   363.6   148.8   199.6   215.2   328.5   388.3   425.1   453.4   488.8   538.7   623.9  1484.6  3664.5 10936.8  95312.8    95192
read      380.7   349.9   148.8   196.8   211.5   322.6   391.6   435.1   471.5   519.8   582.2   674.4  1356.9  3319.2 15878.3  69251.8    69200
read      437.2   446.9   148.8   200.0   216.1   338.9   430.2   497.7   550.6   613.9   699.8   996.3  1619.7  4830.1 15561.2  49529.8    49459
read      462.5   609.5   148.8   201.5   217.2   356.2   474.5   535.0   577.4   630.3   729.9   964.4  1740.4  6391.2 30564.7  29013.8    29055
read      371.6   223.8   137.8   197.9   212.4   326.6   397.0   441.1   476.9   523.1   580.8   660.2  1001.6  2031.2  8690.5  64306.4    64324
read      456.2  1086.0   160.7   229.4   249.3   342.9   382.8   406.8   427.6   454.3   495.3   647.1  2786.1 14878.4 38054.0   5767.2     5705
read      378.9   282.8   148.8   198.4   213.5   326.4   391.5   430.9   462.0   501.6   554.7   645.7  1596.5  2881.5  5980.2  84468.8    84816
read      474.6   742.9   148.8   204.8   220.7   378.1   484.5   535.3   572.9   623.7   720.3   911.6  2079.9  7166.6 31964.4  23900.4    23714
read      371.0   246.8   137.8   197.0   211.7   322.8   391.0   433.1   466.4   508.7   566.1   651.3  1185.6  2474.9  8296.6  74132.0    74116
read      454.6   514.1   148.8   206.1   222.5   388.8   480.5   524.5   557.4   604.1   682.4   825.0  1761.4  5516.0 21312.2  20016.6    19948
read      442.4   427.0   148.8   201.7   217.3   344.2   440.9   507.7   560.3   624.1   718.5   995.7  1594.5  4776.2 13800.5  44287.6    44213
read      485.1   747.4   148.8   207.3   223.7   396.4   489.0   536.3   573.6   626.9   716.8   872.4  2566.4  7343.0 31717.3  19416.0    19454
read      443.4   938.9   160.7   223.2   242.6   359.9   406.0   433.6   455.0   480.2   516.3   595.1  2512.0  9461.9 32409.7   7236.0     7190
read      436.4   524.5   148.8   200.1   215.6   341.0   426.7   490.5   540.4   600.1   678.2   946.7  1659.2  5747.0 14425.0  47441.0    47657
read      468.3   491.7   148.8   204.9   221.7   357.9   460.3   529.6   581.4   644.6   738.3  1086.0  1841.5  6186.8 14125.2  44421.8    44399
read      473.6   969.4   160.7   228.0   248.8   359.6   407.3   434.9   456.5   482.0   520.1   635.1  3483.6 12393.1 32143.6   6527.8     6481
read      411.7   694.4   160.7   225.1   245.0   350.9   396.4   421.1   437.3   458.3   485.0   534.8  1734.9  9029.9 31404.4   5859.2     5807
read      390.4   241.3   148.8   205.7   222.2   344.3   416.8   459.7   492.0   531.6   584.4   673.2  1315.9  2600.6  8466.4  82974.4    83137
read      371.5   378.0   160.7   220.1   235.9   357.8   397.3   416.4   429.0   443.4   461.4   489.9   622.3  5592.8 17038.6   9638.6     9580
read      358.0   216.4   148.8   193.7   208.1   314.9   401.8   457.7   493.0   527.4   562.5   604.3   679.1  1621.7  8091.1  37115.2    37385
read      360.0   211.0   148.8   193.5   207.9   314.9   410.6   465.4   497.8   529.1   561.4   599.4   678.4  1639.7  9245.1  33532.6    33706
read      363.0   231.3   148.8   193.9   208.3   315.6   407.7   464.7   499.2   532.4   567.1   610.6   689.2  2201.3  9860.0  35104.6    35204
read      352.3   208.9   137.8   193.2   207.3   314.6   385.5   432.8   469.4   511.7   555.5   606.6   686.3  1553.7  8776.3  50258.6    50438
read      356.6   189.0   137.8   193.3   207.8   317.1   389.8   441.1   480.3   523.0   566.4   618.0   699.2  1425.8  6920.1  48671.8    48878
read      355.8   204.9   137.8   193.2   207.3   313.2   392.4   448.6   487.7   526.7   566.0   612.9   686.6  1516.1  8292.5  42702.8    42682
read      361.3   217.7   148.8   195.6   210.2   318.1   422.0   467.2   494.0   520.7   547.3   584.1   655.3  1677.0  8410.0  27504.6    27416
read      355.6   181.1   148.8   196.6   211.1   320.5   391.6   434.5   467.4   506.6   553.3   614.0   706.6  1190.3  6205.1  64418.2    64424
read      355.8   176.9   148.8   197.1   211.6   322.0   391.9   433.2   465.3   503.8   549.4   611.5   715.7  1324.6  5815.6  64285.6    64364
read      335.0   331.3   160.7   226.2   242.9   313.7   337.8   350.5   361.0   371.5   388.9   416.6   572.6  5269.7 13231.7   5388.6     5481
read      362.7   234.9   148.8   195.9   210.9   321.8   423.2   464.8   489.2   513.6   539.8   576.8   645.0  2708.9 10122.9  26054.8    26227
read      358.8   240.5   137.8   195.8   210.4   320.2   420.0   462.1   486.5   510.5   536.6   571.2   633.5  1676.7 12045.7  26552.0    26586
read      353.3   163.0   137.8   200.4   215.3   324.1   388.1   425.9   454.4   488.5   531.7   592.5   712.9  1379.7  5878.3  86233.4    86286
read      367.9   229.5   148.8   201.5   216.8   333.5   431.8   471.7   494.3   517.3   541.4   575.9   637.7  1732.2  9805.2  24358.4    24452
read      366.1   180.8   148.8   201.4   216.4   329.0   429.4   472.3   496.9   521.9   547.4   583.3   647.8  1703.0  5662.4  26889.2    26832
read      365.5   200.5   148.8   199.2   214.7   323.5   423.4   470.8   499.1   526.8   555.2   592.0   669.2  1695.2  8161.7  29861.6    29795
read      360.3   170.6   148.8   195.7   210.5   320.5   396.9   450.1   488.7   528.7   570.2   621.7   715.2  1299.6  6061.2  46355.8    46224
read      354.4   170.3   148.8   200.4   215.2   324.9   390.3   428.9   457.9   492.2   535.6   598.8   720.2   961.1  5568.7  84676.2    84587

Total QPS = 49484.6 (40082540 / 810.0s)

Total connections = 64
Misses = 0 (0.0%)
Skipped TXs = 0 (0.0%)

RX 9900387380 bytes :   11.7 MB/s
TX          0 bytes :    0.0 MB/s
Warning! Detected max cpu usage > 95%
CPU Usage Stats (avg/min/max): 99.96%,49.75%,100.00%

