Random waveform, supplied seed
Total number of intervals = 81 (7434, 67201, 85927, 63953, 31595, 87879, 7287, 62295, 6561, 22532, 60653, 59076, 60154, 22964, 8172, 27652, 37594, 24367, 33771, 84944, 85666, 51918, 34406, 28664, 38289, 20658, 13840, 93419, 98284, 71313, 42089, 46458, 30755, 42889, 93552, 65694, 29574, 51355, 67361, 16287, 81508, 87619, 99068, 51267, 11822, 97494, 97350, 55460, 85984, 82043, 52873, 13911, 49984, 9274, 27187, 18735, 86505, 93039, 75999, 32324, 84255, 81759, 37291, 53818, 30297, 31569, 38927, 10652, 98119, 48176, 34929, 69735, 20753, 84642, 42333, 61587, 77998, 97625, 23781, 66723, 31016)
Average QPS expected = 52097
Timestamp start: 1714593135640
Timestamp end: 1714593941080

#type       avg     std     min      p5     p10     p50     p67     p75     p80     p85     p90     p95     p99    p999   p9999      QPS   target
read      389.2   411.8   148.8   221.8   240.3   360.2   406.1   431.5   449.7   469.2   497.7   542.0   855.1  5702.4 16123.9   7364.2     7434
read      410.1   457.8   148.8   201.4   216.5   334.1   406.8   456.5   497.6   547.2   612.3   735.8  1723.4  4976.2 13834.7  67110.7    67201
read      407.4   429.8   148.8   201.1   216.9   335.9   401.5   443.7   477.1   521.9   584.7   729.8  1729.1  5028.0 12266.2  85901.4    85927
read      394.6   348.9   148.8   198.5   213.1   330.5   402.5   452.7   494.2   544.8   607.7   708.2  1485.7  3437.2 12226.2  63787.5    63953
read      465.2   640.9   148.8   201.8   216.8   353.0   475.0   542.2   587.8   645.9   756.8   951.2  1626.8  7410.0 29573.1  31587.8    31595
read      527.0   636.7   137.8   208.9   228.6   381.9   454.5   506.6   557.4   642.6  1065.7  1615.1  2060.6  7556.4 23933.9  87841.4    87879
read      547.4  1663.9   148.8   220.9   239.3   354.1   400.6   428.2   449.5   475.7   524.7   856.6  4732.8 31000.5 40075.0   7315.2     7287
read      395.5   348.3   137.8   199.6   214.4   333.6   411.7   461.2   500.8   547.6   605.7   699.0  1398.0  3871.6  9894.7  62154.1    62295
read      507.0  1285.3   160.7   222.9   242.1   352.6   397.0   424.1   445.0   471.3   519.8   806.6  3996.2 23430.4 37270.1   6607.5     6561
read      496.3   932.0   148.8   203.6   219.5   380.0   483.7   535.8   572.5   621.8   707.9   882.9  3045.0 11106.2 34452.0  22518.2    22532
read      404.6   360.2   137.8   200.4   215.1   337.6   416.0   467.0   509.2   559.4   623.6   730.2  1538.5  3758.3  9529.2  60623.7    60653
read      397.2   371.9   148.8   199.2   214.0   332.7   406.9   457.7   499.8   548.7   609.7   699.1  1482.4  4157.1 11511.6  59051.4    59076
read      397.6   383.0   148.8   198.4   213.2   334.2   410.0   459.2   499.8   548.3   609.5   700.4  1473.0  4060.5 10953.0  60172.3    60154
read      493.6   936.8   148.8   202.9   218.1   370.7   471.8   525.2   562.4   611.5   693.8   866.3  3123.3 11462.6 32390.9  23047.5    22964
read      545.6  1622.9   148.8   213.3   230.8   358.9   413.8   442.9   463.4   490.0   527.7   637.1  5570.3 30228.3 40633.2   8222.7     8172
read      468.0   607.3   148.8   203.7   219.9   382.6   496.0   557.6   605.5   666.9   747.1   882.6  1427.6  6916.3 29874.2  27619.5    27652
read      460.8   530.3   148.8   205.0   221.1   351.9   464.7   538.2   588.1   648.7   761.2   975.2  1604.3  6393.2 24033.9  37532.8    37594
read      460.4   486.3   148.8   209.7   227.0   392.3   495.8   551.5   593.0   645.1   718.1   851.1  1375.6  5477.1 24870.0  24464.8    24367
read      446.0   453.7   148.8   202.3   217.6   357.0   474.1   539.6   584.5   638.9   729.2   901.6  1440.4  4642.6 14436.4  33690.0    33771
read      410.2   473.4   137.8   202.8   218.9   342.4   413.3   457.7   492.4   536.0   594.5   711.1  1691.0  5102.3 17132.7  85012.0    84944
read      393.1   446.0   137.8   202.0   217.4   334.4   401.2   442.4   474.3   516.6   573.5   672.1  1489.0  4913.4 15997.4  85679.1    85666
read      420.9   369.5   148.8   199.9   215.3   339.8   425.2   484.9   533.1   589.7   667.8   873.3  1538.4  3989.4 10059.4  51863.5    51918
read      453.2   496.5   148.8   203.3   219.1   358.6   471.0   538.3   585.7   642.3   733.7   926.6  1511.0  6150.3 14540.3  34410.6    34406
read      450.0   501.4   148.8   204.8   220.7   367.6   482.4   540.9   581.3   629.7   704.8   871.4  1465.4  5275.3 29414.4  28570.4    28664
read      448.4   456.2   137.8   202.9   218.5   353.0   468.0   539.7   588.3   646.8   737.6   942.7  1493.2  4610.8 15876.4  38287.2    38289
read      437.7   415.1   148.8   207.4   224.6   388.3   478.9   530.4   565.8   608.0   660.3   739.4  1250.2  3970.5 13025.6  20575.0    20658
read      504.5  1040.9   148.8   213.6   230.5   389.1   465.5   510.9   543.3   585.0   641.2   764.0  3079.3 12501.7 36149.5  13901.5    13840
read      427.7   534.0   148.8   207.7   225.8   358.6   430.0   473.6   508.6   552.1   615.0   733.0  1685.2  7085.1 26034.5  93373.5    93419
read      404.1   453.6   148.8   205.0   222.1   345.4   411.6   452.7   484.2   525.2   581.5   683.9  1521.4  5969.5 14986.4  98338.3    98284
read      383.4   355.6   148.8   198.9   213.2   324.8   394.3   438.5   474.2   522.2   581.1   673.1  1416.6  3872.3 11018.6  71399.8    71313
read      453.2   500.6   148.8   203.0   218.6   345.3   449.0   522.4   573.0   633.4   737.1   980.8  1671.8  5519.5 15281.5  42101.7    42089
read      445.4   479.8   148.8   202.7   218.2   342.6   436.4   507.6   558.9   619.5   707.8   955.5  1644.5  5831.7 14752.4  46521.2    46458
read      469.6   618.9   148.8   203.0   218.7   356.2   478.2   542.6   586.5   645.6   765.6   974.3  1884.5  6420.0 30463.4  30674.4    30755
read      448.6   611.5   148.8   199.5   215.0   336.9   436.0   508.3   558.4   615.7   702.1   994.3  1675.4  7078.7 23883.8  43050.8    42889
read      391.7   463.8   137.8   202.1   217.8   333.1   397.4   436.9   467.8   507.6   561.4   653.7  1561.1  5256.5 22752.4  93606.3    93552
read      397.0   337.2   148.8   202.8   218.1   339.1   416.5   464.5   503.4   549.0   608.6   705.0  1328.5  3654.2  9499.6  65864.1    65694
read      493.6   652.1   148.8   206.4   223.0   379.6   506.6   578.0   632.4   708.2   820.2   915.1  1731.0  8109.7 30880.6  29467.0    29574
read      451.8   491.4   137.8   203.7   219.4   339.0   427.8   498.3   552.2   619.5   735.0  1111.2  1766.2  5423.4 14023.6  51265.2    51355
read      372.1   243.7   137.8   198.6   213.4   326.9   399.5   444.5   478.0   519.9   569.6   640.0   977.7  2476.2  9029.2  67263.5    67361
read      499.7   862.3   148.8   209.4   226.6   400.2   492.6   545.7   589.0   639.8   706.0   814.7  2757.9  8522.8 34225.5  16384.6    16287
read      382.5   297.6   148.8   197.2   212.1   325.0   392.0   433.6   466.3   508.0   565.6   665.8  1602.0  2957.5  9636.0  81561.0    81508
read      365.1   302.9   137.8   196.7   211.5   319.3   381.2   419.4   449.2   486.5   537.6   621.1  1163.9  3247.9  9684.8  87444.0    87619
read      376.2   375.8   148.8   200.4   216.2   329.1   390.1   427.4   456.5   493.3   542.9   628.7  1217.9  4222.3 11763.3  99073.6    99068
read      438.0   400.4   148.8   200.2   215.5   335.8   423.4   491.7   544.7   606.7   700.8   972.6  1714.2  4503.8 10568.7  51226.6    51267
read      516.7  1161.7   160.7   215.4   232.4   391.7   470.2   514.6   544.9   582.5   630.4   721.4  3974.9 15976.8 35272.2  11792.1    11822
read      383.1   290.0   137.8   201.3   216.9   331.5   393.0   430.7   460.9   499.5   551.0   646.2  1608.5  2985.7  8542.0  97387.4    97494
read      367.1   300.5   148.8   197.8   213.1   322.9   382.0   418.3   446.5   482.2   532.3   615.7  1355.6  2750.5  9180.2  97336.6    97350
read      414.4   388.2   148.8   200.3   215.6   332.7   409.9   466.8   515.4   570.9   639.8   829.0  1612.6  4265.2 12626.9  55510.1    55460
read      381.1   326.4   148.8   198.2   213.9   326.2   390.8   430.5   461.5   501.2   556.0   653.4  1583.9  2924.3 10735.9  85984.6    85984
read      372.6   282.4   137.8   197.3   212.2   322.7   387.5   427.9   459.9   501.0   556.0   645.0  1369.0  2656.5  9952.6  82029.5    82043
read      437.4   419.2   148.8   200.9   216.2   335.3   421.0   489.0   542.9   606.0   697.4   901.6  1720.2  4534.1 12416.9  52779.5    52873
read      464.3   780.7   148.8   212.2   228.5   387.2   458.5   497.3   526.1   561.5   621.6   737.0  2169.1  9779.4 31574.0  13860.1    13911
read      466.8   519.5   137.8   203.4   219.3   345.7   441.3   516.4   572.1   641.1   778.6   945.8  1835.8  6232.6 18285.8  49936.9    49984
read      454.9   878.1   148.8   219.9   237.1   373.5   426.6   456.9   480.0   511.0   555.5   649.3  2287.1 11173.4 34725.9   9307.7     9274
read      474.4   599.6   148.8   204.6   220.4   371.1   491.9   550.4   590.4   645.5   755.5   955.3  1881.4  6926.8 29614.1  27143.7    27187
read      492.9   780.2   148.8   209.3   226.2   399.0   493.6   542.6   580.9   633.2   714.7   853.7  2361.8  8810.3 31601.8  18720.3    18735
read      379.1   312.2   148.8   199.9   215.3   329.8   395.4   435.2   466.3   505.9   560.1   649.9  1350.1  2905.7 12376.5  86455.8    86505
read      363.1   268.5   137.8   197.8   212.8   321.1   380.5   417.2   445.8   481.7   531.4   611.8  1155.8  2759.6  8893.4  93160.3    93039
read      367.3   259.3   148.8   196.3   210.6   317.7   382.0   423.1   456.1   499.6   557.4   641.1  1301.8  2554.9  7468.5  76003.8    75999
read      461.6   570.4   148.8   202.5   217.8   350.5   472.0   539.2   583.9   641.3   765.1   991.7  1644.5  6698.6 30245.2  32433.3    32324
read      375.2   264.1   148.8   198.8   213.9   326.9   392.4   432.6   464.6   504.7   557.9   647.0  1352.0  2707.3  8173.8  84361.4    84255
read      372.5   271.0   137.8   198.5   212.9   322.0   387.4   428.1   460.2   501.5   556.8   642.8  1387.1  2838.6  8613.6  81628.3    81759
read      459.8   568.3   148.8   201.0   216.4   342.7   456.5   528.9   577.4   636.8   759.0   806.3  1753.9  5995.7 29216.5  37250.4    37291
read      424.3   428.0   148.8   199.8   215.0   333.1   416.3   478.2   529.9   588.5   667.5   924.7  1606.4  4831.7 14973.8  53880.1    53818
read      454.2   508.1   148.8   203.3   219.1   364.4   482.8   543.8   585.6   636.6   717.6   886.8  1567.1  5648.0 28313.2  30500.5    30297
read      465.2   566.8   148.8   203.0   218.1   360.9   486.6   556.1   611.3   689.6   800.7   951.0  1465.1  6210.3 30672.7  31592.9    31569
read      426.7   399.3   148.8   196.5   211.6   333.0   441.6   512.1   559.7   618.6   726.6   945.1  1369.4  3282.1 11693.0  38901.2    38927
read      405.5   347.5   148.8   214.2   230.7   375.5   450.6   489.5   516.0   542.9   577.0   626.3   745.1  3926.0 16627.4  10627.8    10652
read      375.0   317.9   137.8   201.4   216.6   328.5   388.9   425.8   454.8   491.4   541.5   628.6  1456.4  2937.7  9240.1  98028.6    98119
read      419.2   358.2   148.8   198.3   213.2   328.3   417.4   487.2   539.8   597.8   679.5   950.0  1487.7  3577.9 10131.2  48122.8    48176
read      436.7   444.7   148.8   200.6   215.7   342.3   456.6   525.7   570.4   623.6   712.7   935.7  1413.7  4687.8 19601.1  34946.5    34929
read      382.8   311.2   148.8   199.3   214.1   331.7   402.7   448.4   484.2   529.8   586.4   674.5  1198.7  2784.8 10596.4  69813.5    69735
read      410.8   311.4   148.8   204.9   220.8   363.6   450.3   488.4   514.8   546.1   598.6   800.6  1181.6  3460.1 10747.0  20784.1    20753
read      352.5   308.9   137.8   198.8   213.4   320.7   385.9   424.2   452.9   487.6   532.8   596.0   724.6  1143.2  6372.3  84599.1    84642
read      353.9   197.3   137.8   193.6   207.6   312.9   391.1   443.0   480.1   520.6   560.0   605.3   685.0  1506.5  7934.7  42425.1    42333
read      354.4   180.6   137.8   196.4   210.6   319.0   389.7   432.6   465.9   508.4   556.1   612.3   703.8  1169.3  5841.1  61510.0    61587
read      351.0   180.5   137.8   197.4   211.8   318.0   385.2   425.5   455.5   492.2   538.4   599.9   718.4  1141.5  7772.8  78037.9    77998
read      350.9   158.4   148.8   201.5   216.6   324.6   384.3   419.4   445.5   476.6   519.3   583.9   721.7  1024.1  5485.4  97709.2    97625
read      363.9   224.8   148.8   199.0   214.1   330.9   426.6   464.0   487.5   511.9   537.8   573.1   636.8  1723.6 10031.0  23922.3    23781
read      357.3   198.0   137.8   199.7   214.5   320.8   392.0   434.5   466.6   506.7   553.5   613.0   717.1  1180.5  8970.1  66675.7    66723
read      362.8   205.3   137.8   195.6   210.3   319.1   415.8   465.1   496.0   526.9   558.7   595.7   680.8  1709.1  9268.3  15601.0    31016

Total QPS = 52227.2 (42042876 / 805.0s)

Total connections = 64
Misses = 0 (0.0%)
Skipped TXs = 0 (0.0%)

RX 10384590619 bytes :   12.3 MB/s
TX          0 bytes :    0.0 MB/s
Warning! Detected max cpu usage > 95%
CPU Usage Stats (avg/min/max): 100.00%,49.75%,100.00%

