Random waveform, supplied seed
Total number of intervals = 167 (7434, 67201, 85927, 63953, 31595, 87879, 7287, 62295, 6561, 22532, 60653, 59076, 60154, 22964, 8172, 27652, 37594, 24367, 33771, 84944, 85666, 51918, 34406, 28664, 38289, 20658, 13840, 93419, 98284, 71313, 42089, 46458, 30755, 42889, 93552, 65694, 29574, 51355, 67361, 16287, 81508, 87619, 99068, 51267, 11822, 97494, 97350, 55460, 85984, 82043, 52873, 13911, 49984, 9274, 27187, 18735, 86505, 93039, 75999, 32324, 84255, 81759, 37291, 53818, 30297, 31569, 38927, 10652, 98119, 48176, 34929, 69735, 20753, 84642, 42333, 61587, 77998, 97625, 23781, 66723, 31016, 47394, 95335, 5252, 65908, 16889, 42912, 99898, 26385, 22616, 50605, 90283, 26273, 48521, 34058, 75648, 19482, 15054, 75754, 5187, 17656, 96343, 36665, 85269, 31525, 61798, 12253, 25710, 79937, 7271, 85861, 91467, 72217, 31080, 76878, 84584, 12492, 57106, 96245, 6791, 90728, 5151, 82969, 42635, 99337, 95192, 69200, 49459, 29055, 64324, 5705, 84816, 23714, 74116, 19948, 44213, 19454, 7190, 47657, 44399, 6481, 5807, 83137, 9580, 37385, 33706, 35204, 50438, 48878, 42682, 27416, 64424, 64364, 5481, 26227, 26586, 86286, 24452, 26832, 29795, 46224, 84587, 63389, 46953, 90536, 12508, 38491, 97806, 11813)
Average QPS expected = 49518
Timestamp start: 1715005721918
Timestamp end: 1715006557515

#type       avg     std     min      p5     p10     p50     p67     p75     p80     p85     p90     p95     p99    p999   p9999      QPS   target
read      426.1   627.5   173.5   230.3   251.3   386.6   436.6   464.5   485.5   509.0   541.2   592.6  1171.5  5607.1 31616.0   7277.8     7434
read      384.7   261.7   148.8   207.5   222.2   332.4   401.4   448.1   487.5   539.3   600.4   683.7  1169.5  2278.7  5825.5  66960.2    67201
read      400.1   282.5   148.8   213.6   229.7   351.5   421.5   464.8   499.1   541.8   599.4   693.6  1087.4  3050.2  8526.5  86101.6    85927
read      391.0   213.4   148.8   212.1   227.6   344.3   419.9   467.7   507.4   556.6   614.2   689.4   934.0  1954.1  7899.7  63972.4    63953
read      435.3   378.1   148.8   209.7   225.7   363.6   479.5   547.4   588.1   629.4   682.0   797.7  1203.3  3955.9 12463.0  31679.6    31595
read      393.5   253.3   148.8   214.7   230.9   350.6   418.9   460.9   494.6   537.5   593.9   688.8  1028.4  1902.7  7442.3  88019.0    87879
read      428.1   521.9   160.7   232.0   254.4   392.6   438.8   464.0   483.4   506.5   541.2   602.2  1355.4  5845.9 30323.4   7308.2     7287
read      384.5   211.1   148.8   207.9   222.8   336.8   410.9   460.0   501.0   552.7   612.4   682.9   909.0  2220.2  6351.2  62102.0    62295
read      506.0  1389.2   160.7   230.8   254.2   381.6   427.7   452.6   468.9   493.8   527.6   592.3  3229.2 30633.0 37097.3   6568.0     6561
read      489.5   786.7   160.7   205.7   221.6   393.1   498.6   553.2   592.1   643.6   726.8   879.5  2302.3  7541.8 31893.6  22376.2    22532
read      384.6   239.3   148.8   205.0   219.8   335.1   411.2   460.3   499.0   545.7   602.8   685.9   986.4  2128.1  7488.7  60511.0    60653
read      380.0   188.9   148.8   204.4   219.2   338.8   414.8   461.0   496.9   540.2   593.4   674.9   898.1  1659.0  5328.9  59077.4    59076
read      391.7   254.8   148.8   205.9   220.7   335.9   413.6   465.2   506.6   557.4   618.7   705.7  1138.3  2269.6  7496.8  60282.4    60154
read      489.9   765.2   160.7   204.8   219.8   387.7   502.1   558.9   596.5   644.9   721.3   883.8  2247.2 11009.3 31549.6  22990.0    22964
read      482.9   975.3   160.7   220.0   239.7   385.4   440.5   471.4   497.5   529.1   573.1   686.2  2713.9 10917.4 36284.7   8228.0     8172
read      488.4   716.3   148.8   205.2   220.3   373.7   492.5   556.9   601.6   658.8   746.7   954.6  2178.3  8033.1 31336.5  27691.0    27652
read      416.9   339.7   148.8   204.0   218.6   346.8   443.5   509.2   555.1   603.4   660.7   761.5  1325.7  3391.5 12006.3  37407.8    37594
read      484.4   864.9   148.8   203.9   218.8   377.5   490.9   549.1   588.4   635.4   712.8   891.8  1895.2 12476.6 31872.2  24403.8    24367
read      419.3   424.6   148.8   202.7   216.6   344.1   449.0   514.4   558.6   604.2   657.6   755.0  1344.4  3874.2 19062.3  33776.8    33771
read      419.8   339.6   148.8   209.9   226.1   355.4   427.3   471.9   508.7   557.2   625.2   755.2  1684.3  3695.9  8854.9  85081.2    84944
read      411.1   316.3   160.7   211.5   227.7   353.6   423.7   467.5   502.6   546.5   607.9   717.7  1615.1  3381.1  8383.9  85490.4    85666
read      412.4   352.1   148.8   206.1   220.9   343.1   425.7   485.8   537.5   593.9   653.2   739.8  1446.7  3798.5 11887.5  52161.6    51918
read      404.4   246.4   148.8   203.1   216.8   338.9   445.3   517.2   562.6   605.7   651.4   722.3  1156.0  2211.3  8095.7  34576.4    34406
read      466.8   640.0   148.8   205.6   220.4   359.9   484.0   552.5   594.4   638.9   708.9   901.8  1795.9  6757.5 31377.4  28753.4    28664
read      412.4   374.6   148.8   204.6   219.0   339.5   438.1   509.8   560.1   607.2   657.7   732.0  1271.7  4146.3 15447.5  38382.4    38289
read      497.4   823.7   160.7   206.7   222.3   394.3   499.2   552.7   590.3   637.0   708.0   868.1  2490.4  9810.8 31823.8  20791.6    20658
read      505.5   917.4   160.7   215.2   231.5   403.5   487.0   531.1   562.1   599.7   660.6   810.5  2721.9 10776.7 32045.7  13930.8    13840
read      468.7   466.5   160.7   220.6   239.6   386.1   460.5   507.0   545.4   597.8   686.0   960.8  1816.9  4360.7 12663.5  93054.8    93419
read      444.8   442.1   160.7   219.2   238.0   379.6   455.3   503.2   541.4   589.2   660.3   793.8  1660.9  4666.5 12575.1  98410.6    98284
read      414.9   392.5   148.8   209.5   224.7   348.2   422.5   470.1   509.2   560.8   627.0   739.7  1618.0  3644.0 12472.2  71563.6    71313
read      401.4   254.4   148.8   203.8   218.0   339.5   427.8   492.5   541.9   592.3   645.1   720.8  1209.2  2735.3  7046.6  42280.2    42089
read      405.6   264.0   148.8   205.4   220.0   339.2   425.4   492.5   546.6   600.4   655.9   737.3  1277.1  2527.9  8075.5  46433.4    46458
read      444.7   530.6   160.7   205.1   219.9   353.2   472.6   543.8   586.1   630.3   685.9   829.3  1457.2  5770.5 27722.4  30783.6    30755
read      400.4   257.9   148.8   204.3   218.6   338.0   426.7   491.6   542.8   594.7   646.2   722.2  1197.6  2313.5  8411.5  42981.6    42889
read      444.7   417.6   160.7   219.5   237.5   377.5   451.4   499.2   537.2   585.4   656.0   798.1  1726.6  4570.3 12698.8  93361.0    93552
read      411.0   350.4   148.8   208.7   223.5   344.8   422.1   472.7   516.8   570.7   635.4   741.7  1527.6  3080.8  8681.4  65671.6    65694
read      485.1   731.8   160.7   205.4   220.5   363.4   486.9   556.0   599.7   650.4   734.6   940.2  2409.8  7416.6 31917.4  29572.0    29574
read      403.3   277.5   148.8   206.1   220.7   340.2   422.0   481.5   532.2   587.6   645.4   730.2  1317.1  2577.7  6511.3  51223.0    51355
read      415.5   372.2   160.7   209.1   224.4   345.3   420.3   470.8   514.9   571.9   638.7   746.2  1627.8  3819.4 11341.3  67394.8    67361
read      517.2   908.1   160.7   211.1   227.8   404.5   496.9   548.2   583.0   627.6   692.0   848.2  3430.0 10503.2 32300.2  16091.6    16287
read      380.7   212.6   148.8   210.4   225.6   340.7   409.7   453.6   487.3   529.5   583.9   664.1   888.7  1846.9  5392.1  81589.2    81508
read      436.2   470.2   148.8   215.3   232.1   366.6   441.5   489.4   527.4   576.5   645.1   792.9  1553.3  5779.3 17938.9  87911.0    87619
read      429.6   543.6   148.8   215.9   233.4   365.3   434.6   479.2   514.7   559.3   622.0   735.4  1383.9  6458.0 30386.4  98961.6    99068
read      414.8   461.7   148.8   204.7   218.8   337.8   420.1   479.0   530.5   587.7   648.2   738.2  1520.9  5468.9 24681.3  51568.6    51267
read      512.1  1196.8   160.7   215.7   232.3   395.9   467.7   507.1   536.9   573.0   624.6   743.7  3176.1 27416.4 32475.7  11690.6    11822
read      446.6   548.9   160.7   217.9   236.0   372.2   442.3   488.2   526.3   577.6   653.0   794.0  1684.4  6846.8 28606.3  97468.4    97494
read      423.7   453.7   160.7   213.5   230.7   358.6   424.6   466.4   501.5   547.4   615.3   743.0  1672.0  5514.7 18155.1  97360.8    97350
read      410.8   416.8   148.8   205.5   220.2   341.8   421.6   477.6   525.4   579.2   639.0   728.0  1418.3  4544.5 14825.0  55290.2    55460
read      420.2   431.7   148.8   211.0   227.0   353.6   426.0   470.4   505.7   549.7   613.5   734.3  1708.1  4864.0 11894.4  86045.8    85984
read      424.8   521.1   148.8   209.5   225.2   348.1   420.4   466.0   503.1   551.2   619.2   750.8  1760.5  5339.5 27483.6  81940.0    82043
read      413.0   512.8   148.8   205.1   219.4   338.3   418.0   473.2   524.0   581.5   640.1   723.8  1340.8  6525.7 29101.7  52725.4    52873
read      510.8  1141.9   160.7   211.5   228.0   394.9   473.8   516.7   550.2   589.8   647.7   779.8  3110.2 15831.2 32529.8  13982.8    13911
read      422.2   453.3   148.8   205.6   220.0   339.7   424.8   487.8   540.6   599.0   662.2   765.7  1547.3  5313.1 12824.1  50025.0    49984
read      519.4   994.1   160.7   220.2   237.8   391.3   452.6   487.3   513.7   549.3   604.6   921.9  4057.5 10449.0 35474.3   9256.6     9274
read      471.9   722.5   148.8   204.1   219.0   366.5   488.4   552.6   592.0   637.3   714.7   904.9  1772.9  7970.7 35746.0  27147.4    27187
read      489.0   757.4   148.8   209.7   226.0   402.2   504.6   556.9   590.5   633.5   698.8   827.3  2423.9  6455.3 31445.1  18750.2    18735
read      426.9   625.4   148.8   211.0   227.3   355.1   425.4   468.7   503.9   548.6   610.2   714.4  1546.9  7926.2 30803.8  86557.4    86505
read      429.6   603.2   148.8   213.3   230.0   359.0   428.8   472.3   508.4   554.9   620.3   732.2  1564.4  7399.6 30918.4  93326.0    93039
read      416.7   494.3   148.8   207.6   222.8   342.8   415.8   462.6   500.3   548.8   615.9   730.6  1701.5  6043.1 23924.7  75923.0    75999
read      422.4   350.8   148.8   203.4   217.4   345.8   460.8   529.7   573.8   617.3   669.3   782.7  1319.5  3857.8  9959.8  32177.0    32324
read      433.1   523.9   148.8   211.1   227.1   355.9   427.5   471.9   508.2   555.7   623.5   759.9  1743.6  6403.3 23766.6  84473.4    84255
read      423.1   487.4   148.8   209.5   225.1   348.3   420.1   464.9   501.2   548.3   615.2   738.9  1730.6  5606.9 18521.8  81506.6    81759
read      418.1   528.7   148.8   203.1   216.8   338.2   434.4   503.3   553.3   599.5   645.9   717.6  1346.6  6084.1 29725.0  37398.6    37291
read      406.7   381.2   148.8   205.4   219.9   338.4   418.2   473.9   523.1   581.4   639.9   724.6  1332.7  4470.3 10904.8  53748.4    53818
read      447.4   520.8   148.8   204.4   219.2   360.2   481.6   550.9   592.2   636.2   694.3   836.1  1511.5  5222.1 28926.8  30130.6    30297
read      432.8   442.6   148.8   205.4   220.6   353.2   467.5   536.1   578.6   621.1   673.6   786.4  1339.3  4745.8 14049.8  31458.6    31569
read      419.4   531.9   148.8   205.2   220.2   341.0   436.1   504.6   556.5   605.3   653.7   724.8  1281.1  5827.4 29858.4  39150.4    38927
read      503.4   823.4   160.7   224.7   244.1   407.3   475.7   513.9   545.3   582.4   636.5   779.5  2871.1  9127.5 31954.2  10624.6    10652
read      438.6   625.7   148.8   219.2   237.4   372.5   443.2   488.9   524.5   569.3   629.5   734.8  1109.0  8096.9 31030.0  98022.6    98119
read      405.2   446.2   148.8   202.6   215.8   332.2   415.5   478.7   531.7   587.7   641.4   717.5  1347.2  4085.8 27831.2  48102.8    48176
read      424.2   507.4   148.8   202.0   215.8   338.6   445.1   515.4   563.5   607.9   656.6   741.4  1380.1  6156.1 27111.7  34992.2    34929
read      396.9   390.6   148.8   205.6   220.0   332.3   403.7   453.2   493.8   546.7   610.9   703.2  1400.9  4149.0 13842.4  69651.4    69735
read      470.7   561.9   160.7   208.1   224.1   395.3   502.7   558.3   594.2   640.9   715.0   860.0  1703.8  5988.3 31366.4  20728.2    20753
read      408.5   457.6   148.8   209.3   224.7   345.2   415.1   459.5   494.7   539.5   599.1   699.1  1547.6  5480.6 19515.0  84460.4    84642
read      410.4   536.4   148.8   201.6   215.0   331.6   419.4   486.5   539.0   590.8   639.5   707.9  1241.6  6475.4 30638.7  42262.2    42333
read      405.9   458.1   148.8   206.0   220.4   335.5   410.2   463.3   508.1   566.2   629.7   718.3  1401.9  5506.7 16574.7  61532.2    61587
read      428.0   578.0   148.8   208.1   223.4   344.7   416.1   463.8   502.2   552.1   621.9   759.2  1806.3  6872.3 30527.7  78009.8    77998
read      475.1   803.5   148.8   219.3   238.5   382.5   455.0   501.2   539.0   587.5   660.5   797.8  1999.1 11059.7 32161.1  97595.0    97625
read      498.0   740.2   148.8   205.8   221.2   385.9   505.0   567.3   608.7   663.8   751.6   925.3  2547.3  9164.1 29836.4  23747.2    23781
read      413.0   525.0   160.7   206.3   220.9   338.1   412.8   463.7   505.8   560.8   625.4   724.7  1563.2  5893.1 29493.9  66784.6    66723
read      481.0   632.1   160.7   205.4   220.3   365.0   497.6   572.1   619.4   677.6   779.9   990.5  1777.8  6769.3 30610.8  31061.6    31016
read      406.3   322.9   148.8   203.5   217.3   337.1   422.6   486.8   539.5   596.0   652.4   731.9  1340.1  3794.4  6819.5  47337.8    47394
read      419.1   572.7   148.8   212.9   229.7   354.5   421.0   463.0   496.6   539.6   597.5   701.7  1456.2  7025.9 29283.7  95415.6    95335
read      583.3  1893.2   173.5   231.9   257.3   355.0   394.4   418.4   436.2   462.7   504.8   788.5  5098.0 31467.0 38341.7   5198.4     5252
read      401.8   415.9   148.8   205.6   219.9   335.6   409.9   460.9   501.4   553.6   616.4   706.0  1391.8  5362.0 14274.2  65669.4    65908
read      539.3  1132.2   160.7   211.3   227.6   406.0   502.2   556.1   593.0   643.1   719.1   872.1  3242.8 11871.0 36551.2  16872.2    16889
read      419.1   432.9   148.8   202.7   216.3   336.0   429.6   499.4   553.6   606.0   661.3   757.0  1388.7  5544.0 13174.8  42997.6    42912
read      397.7   513.7   148.8   211.5   227.8   347.7   409.8   448.7   477.8   514.9   566.1   646.9   934.0  7078.6 25893.7  99710.0    99898
read      508.1   813.4   160.7   206.1   221.4   381.8   511.9   580.2   623.5   678.4   775.5   991.2  2417.1  9963.0 32401.4  26243.8    26385
read      504.7   835.6   160.7   206.6   222.1   386.6   503.3   563.7   603.9   657.7   750.9   944.9  2638.2 10415.8 31814.8  22723.6    22616
read      404.4   439.1   148.8   203.9   217.8   335.5   414.2   469.9   517.9   575.2   631.5   706.7  1279.4  5201.2 15018.7  50581.2    50605
read      417.2   593.6   148.8   213.3   229.8   354.5   423.8   466.5   500.1   543.0   601.4   695.2  1166.7  8146.8 30558.4  90173.0    90283
read      473.4   610.0   160.7   206.6   221.8   374.3   498.1   562.4   601.4   647.1   726.7   921.7  1851.0  6803.9 30955.1  26421.0    26273
read      408.2   318.5   148.8   204.8   219.1   341.2   426.6   486.4   536.9   592.9   649.6   733.7  1366.1  3130.4  9901.1  48388.0    48521
read      465.3   608.0   148.8   204.8   219.7   353.5   475.3   554.7   604.3   660.3   746.4   988.0  1607.9  6353.0 30877.3  34077.6    34058
read      396.8   312.9   148.8   207.1   222.0   337.8   407.2   453.9   491.6   540.4   604.0   701.2  1461.4  3311.5  8262.5  75455.4    75648
read      517.4  1025.6   160.7   207.8   223.2   399.4   499.4   552.5   590.5   641.3   732.4   906.9  2595.7 11822.5 36471.0  19385.8    19482
read      533.7  1156.6   160.7   212.7   229.0   404.0   489.4   537.8   575.0   622.4   691.4   838.0  3424.4 15106.2 37218.9  15063.2    15054
read      416.7   351.5   148.8   207.2   222.5   341.1   411.8   460.2   501.4   558.8   635.4   804.9  1716.6  3104.9 10148.2  75587.6    75754
read      539.1  1561.0   173.5   236.3   262.1   360.7   400.0   425.3   445.0   470.6   521.2   895.0  4931.3 30413.5 40721.0   5154.0     5187
read      494.9   856.1   160.7   209.7   225.0   397.9   491.3   540.2   577.1   623.9   696.2   847.9  2460.2 10401.6 32301.6  17511.4    17656
read      409.1   480.0   148.8   211.6   227.9   350.6   417.0   458.4   491.2   533.2   589.7   687.2  1481.9  5851.8 16293.6  95928.0    96343
read      403.3   314.0   148.8   200.8   214.3   333.2   433.7   502.1   550.9   599.1   649.0   732.0  1197.4  2797.8  9889.5  36699.6    36665
read      404.3   473.7   148.8   207.7   223.0   341.4   409.1   452.2   485.8   529.3   589.9   691.7  1562.0  4864.0 14869.5  85375.8    85269
read      454.9   532.0   148.8   203.3   217.4   350.8   476.2   549.1   595.3   645.6   731.1   939.0  1574.0  5765.6 27326.0  31621.8    31525
read      398.8   368.9   148.8   204.8   219.1   334.7   409.0   460.4   502.0   556.5   619.6   709.9  1460.7  2916.9 15499.4  61815.8    61798
read      498.2   974.7   160.7   215.0   231.4   393.0   462.0   499.1   529.8   569.7   628.1   763.7  3420.8 11691.6 32510.6  12226.8    12253
read      504.2   842.6   160.7   205.7   221.0   373.8   496.9   562.6   606.7   665.7   774.0   993.4  2369.1 10635.8 31633.3  25666.2    25710
read      394.2   270.1   148.8   206.1   220.8   334.6   403.2   449.8   486.8   535.2   601.8   711.8  1525.5  2690.8  7589.0  80076.4    79937
read      508.9  1257.4   173.5   225.8   246.7   375.2   426.4   456.9   479.9   509.4   563.0   721.7  3868.6 29116.5 36223.0   7316.2     7271
read      425.2   390.8   148.8   209.0   224.8   349.0   420.2   464.8   501.3   550.5   624.4   802.6  1782.4  3622.8 11621.8  85808.0    85861
read      392.6   335.9   148.8   207.7   223.0   337.7   400.6   441.2   472.6   514.8   575.3   678.6  1497.8  3794.1  9317.5  91513.4    91467
read      401.1   328.2   148.8   206.6   221.3   338.2   410.3   458.6   497.6   548.8   615.8   716.1  1501.4  3744.8  9022.0  72070.2    72217
read      474.3   674.7   148.8   203.2   217.2   351.1   477.6   550.0   596.9   649.7   743.9   989.3  1939.7  7159.0 30731.6  31298.8    31080
read      396.5   429.4   148.8   205.8   220.2   333.8   402.1   448.9   486.1   534.8   599.6   694.2  1412.7  4042.0 18685.8  76870.8    76878
read      403.6   493.9   148.8   207.1   222.2   338.9   405.9   450.6   485.5   531.1   593.6   693.8  1494.8  6337.7 25770.9  84501.0    84584
read      522.7  1282.7   160.7   213.5   229.7   392.8   468.5   509.8   546.4   589.6   642.3   744.5  3268.9 28323.3 32460.1  12449.0    12492
read      395.4   279.8   148.8   203.9   217.7   330.6   404.8   459.2   505.2   563.9   626.5   714.9  1389.0  2871.8  6416.6  57110.0    57106
read      404.3   436.9   148.8   209.8   226.0   347.8   413.2   454.8   487.5   529.9   588.2   689.7  1433.9  4777.9 15584.8  96236.6    96245
read      488.4  1137.1   160.7   226.6   248.4   369.3   416.9   445.7   468.5   500.1   548.1   687.3  3255.6 24643.7 32479.2   6860.2     6791
read      400.0   306.0   148.8   209.0   224.7   344.1   410.4   452.0   484.4   527.4   588.1   694.8  1566.7  3554.2  8224.8  90684.8    90728
read      484.6  1252.6   160.7   233.7   258.8   350.1   387.5   409.7   429.0   456.0   499.5   687.8  3813.0 28293.8 37133.3   5143.0     5151
read      388.9   312.5   148.8   205.8   220.4   332.8   398.4   439.6   472.8   518.0   581.8   687.1  1461.1  2954.7  9837.5  82791.2    82969
read      400.3   406.0   148.8   202.7   216.0   333.7   420.6   483.2   532.7   585.8   636.5   707.5  1178.5  2982.3 11035.3  42713.2    42635
read      411.8   398.9   148.8   213.0   230.1   357.0   421.8   461.5   493.4   535.4   593.7   706.3  1584.7  3319.8 19227.2  99475.6    99337
read      405.9   352.6   148.8   209.8   226.3   348.2   413.0   454.2   486.8   529.0   587.6   695.5  1636.9  3358.4 12479.3  95067.8    95192
read      399.7   356.5   148.8   206.0   220.5   337.4   408.9   458.5   498.4   550.0   616.8   719.3  1428.4  3396.9 12600.7  69222.2    69200
read      394.0   292.8   148.8   204.6   219.3   333.4   411.6   470.1   519.6   577.0   633.4   706.1  1116.6  3143.2  7051.7  49471.8    49459
read      508.3   678.2   148.8   210.0   226.1   383.4   513.9   586.9   637.7   711.8   838.6  1067.7  2181.1  7271.8 31066.0  28895.2    29055
read      391.3   295.3   148.8   206.6   221.4   334.1   405.8   455.4   495.9   547.5   611.2   693.4  1226.8  3094.2  9638.8  64469.4    64324
read      437.2   764.4   160.7   234.8   260.5   364.8   406.1   433.0   455.0   482.1   523.8   622.1  1612.4 12098.9 32018.7   5678.6     5705
read      383.7   338.4   148.8   205.6   220.2   332.4   397.7   437.5   469.8   510.9   570.7   663.8  1257.8  3784.7 11867.5  84408.0    84816
read      464.7   572.9   148.8   206.0   221.1   378.9   493.4   554.3   595.0   643.1   735.2   907.6  1522.7  6555.7 29281.0  23739.0    23714
read      384.6   274.8   148.8   205.6   219.8   331.6   399.6   444.3   480.4   528.4   592.6   680.3  1202.8  3076.0  8326.8  73964.8    74116
read      498.8   804.1   148.8   208.4   224.0   396.7   499.7   555.6   595.1   650.6   743.0   916.6  2293.5  8862.8 32354.4  19973.2    19948
read      397.9   275.2   148.8   201.9   215.6   333.3   417.1   476.8   524.9   578.6   633.1   716.8  1275.5  3545.3  7510.5  44276.6    44213
read      510.2   919.8   148.8   208.7   224.9   401.2   503.8   566.6   613.9   670.9   738.7   861.5  2317.4 10897.3 32062.2  19343.6    19454
read      539.6  1481.1   160.7   223.3   243.7   374.6   431.3   461.2   483.3   509.3   549.3   651.0  4715.2 30731.8 38794.8   7171.2     7190
read      385.4   255.7   148.8   200.3   213.7   325.9   403.0   462.3   509.3   566.2   621.2   689.0  1183.0  2443.7  6907.1  47597.8    47657
read      383.0   377.8   148.8   197.4   210.9   319.5   400.5   463.8   512.1   566.0   618.1   679.1   995.7  3446.6 10626.8  44531.2    44399
read      476.1   990.8   173.5   226.6   248.3   361.8   408.6   436.7   460.3   489.0   532.5   649.9  3249.4 13379.8 32277.2   6461.2     6481
read      422.7   661.7   160.7   231.8   256.8   365.4   408.0   432.6   451.1   470.8   502.8   562.3  1798.4  8132.3 30771.4   5820.6     5807
read      590.2   639.6   148.8   218.0   239.1   398.1   468.7   535.6   615.3   928.5  1528.5  1727.7  2596.3  4997.7 19069.2  82793.6    83137
read      435.1   500.8   160.7   218.4   234.5   383.0   450.1   486.4   512.1   544.9   582.9   640.7  1641.0  5908.8 24034.2   9598.8     9580
read      404.2   370.4   148.8   200.6   214.0   331.0   427.6   496.0   544.4   593.5   644.5   736.4  1228.4  3347.8 14195.7  37348.0    37385
read      421.0   324.7   148.8   201.4   215.0   337.9   458.8   531.9   578.6   625.0   683.4   845.8  1264.9  2963.5 10301.1  33882.6    33706
read      418.9   314.3   148.8   201.0   214.9   335.6   449.9   523.4   573.4   623.0   683.0   848.0  1270.7  2545.1 11615.2  35105.2    35204
read      379.3   267.3   148.8   199.9   213.1   321.5   395.5   453.2   502.5   562.2   620.3   683.8  1015.5  2717.9  7408.5  50457.6    50438
read      376.6   219.6   148.8   199.7   213.0   322.9   398.1   455.9   503.2   560.4   616.4   678.3   897.7  2252.8  6614.5  49031.8    48878
read      384.4   227.7   148.8   199.9   213.1   326.5   410.8   476.3   525.9   579.8   630.5   689.4   960.3  1998.7  7910.4  42624.0    42682
read      456.0   540.1   160.7   203.8   218.5   364.7   487.8   552.7   595.0   641.2   721.0   884.5  1602.6  5315.0 26727.6  27360.0    27416
read      395.8   301.9   148.8   205.2   219.6   331.8   402.5   453.9   496.6   551.9   620.5   717.1  1455.1  2983.1  7658.6  64347.4    64424
read      373.5   226.4   148.8   203.3   216.7   324.4   392.2   437.9   477.6   530.8   595.9   670.6   968.8  2430.6  5531.2  64280.2    64364
read      419.2   801.5   160.7   229.5   254.0   355.7   397.6   421.4   437.2   459.1   486.9   536.7  1712.5  9252.7 35769.1   5542.4     5481
read      465.4   569.8   148.8   203.6   218.3   370.0   492.5   557.1   599.3   650.6   737.4   912.7  1783.1  6042.0 31053.7  26207.8    26227
read      444.1   485.5   148.8   203.0   217.1   357.4   480.8   543.5   585.3   632.0   705.2   858.0  1309.5  5447.5 25163.9  26684.8    26586
read      380.2   249.9   148.8   206.4   221.2   334.3   399.2   440.5   472.9   515.3   574.6   664.8  1073.0  2652.0  5980.9  86233.0    86286
read      469.0   515.9   160.7   211.0   227.2   384.1   503.3   564.8   605.7   654.7   740.7   963.8  1436.5  5755.6 30267.8  24351.0    24452
read      390.3   202.2   148.8   203.5   218.3   342.5   460.7   512.8   544.9   576.5   610.2   651.3   744.9  1580.0  7951.1  26863.2    26832
read      387.5   220.9   148.8   202.6   216.5   336.8   450.5   508.5   543.0   577.6   613.7   658.4   748.1  1503.7  8432.3  29896.2    29795
read      380.6   225.0   148.8   203.5   217.3   329.8   413.7   477.6   526.1   576.1   624.1   677.7   782.5  1343.1  7784.2  46243.2    46224
read      367.5   222.4   148.8   208.2   223.0   330.0   394.6   434.8   466.9   505.9   559.3   636.9   786.6  1708.0  8741.0  84454.0    84587
read      373.1   194.7   148.8   205.4   220.0   330.2   402.4   453.1   493.2   543.1   600.8   666.7   790.3  1203.9  4498.9  63379.0    63389
read      379.9   203.4   148.8   203.3   217.6   330.3   413.9   476.5   523.6   574.8   623.9   678.0   782.7  1239.3  7720.9  47099.0    46953
read      362.5   169.3   148.8   208.3   223.2   330.8   392.8   430.7   460.2   496.4   544.7   618.9   764.1  1259.5  4068.4  90387.8    90536
read      394.7   264.5   160.7   220.0   235.7   386.4   447.1   473.2   490.1   507.1   533.1   571.6   666.7  4024.5 10008.5  12575.2    12508
read      382.2   198.0   148.8   202.7   216.7   329.3   426.7   492.3   535.6   578.9   621.1   672.6   781.6  1421.0  7603.0  38450.0    38491
read      398.2   201.1   149.2   210.4   226.7   396.0   452.6   517.2   546.8   598.9   632.4   698.2   796.3  1523.6  8951.7  95014.2    97806
read      375.1   204.7   148.8   201.2   210.3   305.4   412.5   469.1   514.1   554.2   602.7   654.9   775.9  1401.8  7546.4  40057.0    11813

Total QPS = 49505.2 (41336840 / 835.0s)

Total connections = 64
Misses = 0 (0.0%)
Skipped TXs = 0 (0.0%)

RX 10210199727 bytes :   11.7 MB/s
TX          0 bytes :    0.0 MB/s
Warning! Detected max cpu usage > 95%
CPU Usage Stats (avg/min/max): 100.00%,49.50%,100.00%

