Random waveform, supplied seed
Total number of intervals = 170 (7434, 67201, 85927, 63953, 31595, 87879, 7287, 62295, 6561, 22532, 60653, 59076, 60154, 22964, 8172, 27652, 37594, 24367, 33771, 84944, 85666, 51918, 34406, 28664, 38289, 20658, 13840, 93419, 98284, 71313, 42089, 46458, 30755, 42889, 93552, 65694, 29574, 51355, 67361, 16287, 81508, 87619, 99068, 51267, 11822, 97494, 97350, 55460, 85984, 82043, 52873, 13911, 49984, 9274, 27187, 18735, 86505, 93039, 75999, 32324, 84255, 81759, 37291, 53818, 30297, 31569, 38927, 10652, 98119, 48176, 34929, 69735, 20753, 84642, 42333, 61587, 77998, 97625, 23781, 66723, 31016, 47394, 95335, 5252, 65908, 16889, 42912, 99898, 26385, 22616, 50605, 90283, 26273, 48521, 34058, 75648, 19482, 15054, 75754, 5187, 17656, 96343, 36665, 85269, 31525, 61798, 12253, 25710, 79937, 7271, 85861, 91467, 72217, 31080, 76878, 84584, 12492, 57106, 96245, 6791, 90728, 5151, 82969, 42635, 99337, 95192, 69200, 49459, 29055, 64324, 5705, 84816, 23714, 74116, 19948, 44213, 19454, 7190, 47657, 44399, 6481, 5807, 83137, 9580, 37385, 33706, 35204, 50438, 48878, 42682, 27416, 64424, 64364, 5481, 26227, 26586, 86286, 24452, 26832, 29795, 46224, 84587, 63389, 46953, 90536, 12508, 38491, 97806, 11813, 39665)
Average QPS expected = 49523
Timestamp start: 1715006844767
Timestamp end: 1715007695354

#type       avg     std     min      p5     p10     p50     p67     p75     p80     p85     p90     p95     p99    p999   p9999      QPS   target
read      423.7   443.1   173.5   227.7   249.1   385.9   440.4   467.8   488.9   512.2   548.6   614.7  1268.8  5710.9 18508.2   7335.6     7434
read      398.6   242.2   160.7   211.1   226.5   349.1   427.0   476.1   515.7   565.2   625.5   711.2  1011.7  2366.8  8164.5  67299.0    67201
read      403.7   260.7   160.7   214.5   231.0   358.3   432.0   477.1   511.3   555.8   614.8   706.3  1025.6  2609.5  9786.5  85591.6    85927
read      395.3   252.4   160.7   209.5   224.9   346.7   426.8   477.4   517.5   568.6   628.0   706.6   934.0  1951.0  8243.3  64081.0    63953
read      446.6   389.0   148.8   208.4   224.3   370.3   499.4   567.7   611.2   654.8   709.6   820.2  1304.3  3649.6 13538.2  31590.6    31595
read      405.7   270.7   148.8   217.1   233.9   365.1   436.8   481.3   514.3   555.0   611.2   698.8   964.3  2211.0  9639.3  87856.4    87879
read      448.8   795.2   173.5   229.5   250.4   384.8   441.0   470.4   492.5   517.2   549.4   613.2  1472.3  8778.6 31550.5   7275.4     7287
read      405.7   241.0   148.8   210.9   226.2   351.3   436.0   490.9   532.8   583.1   640.7   726.1  1123.1  2237.5  7669.3  62027.4    62295
read      521.7  1290.2   173.5   229.8   253.1   375.3   425.1   455.2   477.4   508.1   559.0   762.6  3911.6 25541.8 36089.0   6573.8     6561
read      498.4   762.6   160.7   208.0   223.5   392.3   505.8   562.2   602.7   653.9   742.3   921.9  2370.7  8970.7 31270.2  22574.0    22532
read      414.6   349.7   148.8   211.1   226.4   352.1   438.2   494.3   537.1   589.1   651.2   744.4  1323.8  2676.0 12189.9  60622.6    60653
read      398.8   231.3   160.7   210.5   225.8   349.3   433.2   488.3   530.5   580.4   635.7   711.0   936.5  1799.3  8666.8  59138.2    59076
read      418.9   282.6   160.7   210.5   225.6   355.4   439.0   495.0   539.1   593.4   656.9   756.6  1476.7  2741.4  6291.5  60252.0    60154
read      485.3   627.7   160.7   208.2   223.8   394.5   513.8   574.6   616.4   667.3   743.6   910.8  1878.3  8206.8 30836.3  23018.4    22964
read      507.7   924.5   160.7   224.9   245.6   392.3   448.6   479.7   504.1   538.0   589.6   795.4  3708.5  9683.8 35723.4   8299.8     8172
read      496.2   724.3   160.7   206.6   222.0   383.0   500.4   566.1   614.6   679.4   789.6   954.0  2081.7  8063.3 31206.7  27500.6    27652
read      417.1   346.2   160.7   205.8   221.0   360.6   452.0   505.1   544.2   590.3   647.9   740.1  1266.9  2612.1 12392.8  37653.2    37594
read      487.9   723.9   148.8   206.4   222.4   392.7   502.8   562.8   607.1   662.8   746.8   929.6  1872.9  6317.6 32367.7  24339.6    24367
read      424.5   272.2   160.7   206.4   221.5   359.2   466.4   530.3   574.4   621.3   675.4   766.1  1300.9  2965.1  7546.3  33899.6    33771
read      407.5   350.8   160.7   211.7   228.3   357.9   430.7   474.1   508.2   550.7   610.6   711.7  1090.8  3865.6 12384.0  84903.0    84944
read      427.3   397.9   148.8   212.6   229.8   364.8   440.3   487.0   523.5   570.5   634.2   763.5  1625.8  3826.5 12172.1  85766.2    85666
read      418.0   265.4   160.7   209.3   224.7   358.5   445.7   501.8   546.3   600.9   665.5   763.1  1315.3  2517.7  8687.3  51898.8    51918
read      427.7   406.6   148.8   206.1   221.2   359.2   462.5   523.2   564.7   610.9   664.4   748.4  1312.1  6131.5 11892.0  34454.2    34406
read      462.5   638.8   160.7   206.2   221.4   368.9   485.3   545.9   588.7   635.6   699.1   865.9  1543.8  8037.8 31120.2  28806.8    28664
read      434.4   361.7   160.7   207.5   222.9   361.1   460.5   524.3   571.7   624.5   685.7   807.2  1429.3  4176.8  8670.2  38424.6    38289
read      532.0  1039.6   160.7   209.0   225.2   402.8   510.3   567.3   609.4   661.6   744.1   940.3  3281.4 13875.2 35984.2  20671.6    20658
read      539.2  1158.3   160.7   215.4   231.4   404.7   484.3   526.7   558.8   603.4   668.6   847.7  3728.4 15412.1 40289.5  13796.8    13840
read      440.4   385.2   148.8   220.6   239.6   378.1   451.2   497.4   534.3   581.4   647.8   777.8  1684.1  3902.4 11680.1  93413.4    93419
read      477.3   425.8   148.8   229.9   254.9   416.4   501.3   557.1   602.3   660.0   737.9   861.3  1203.0  4875.3 12886.7  98486.8    98284
read      426.7   342.0   160.7   214.6   230.7   359.5   437.1   488.3   528.4   580.0   647.6   774.8  1642.4  3649.7  9751.1  71217.8    71313
read      422.0   320.7   148.8   207.3   222.6   355.5   450.4   515.4   564.9   617.9   674.7   760.6  1305.0  2634.1  9459.5  41935.4    42089
read      422.7   347.8   148.8   208.9   224.4   359.0   448.5   507.2   553.2   608.6   669.7   759.8  1340.4  2834.5 10230.4  46653.2    46458
read      451.4   695.2   160.7   206.7   221.8   356.6   475.5   542.3   586.7   630.3   681.2   792.5  1471.3  7903.4 33065.1  30752.8    30755
read      419.5   289.1   160.7   206.5   221.5   348.3   443.3   510.8   562.0   616.0   673.0   770.8  1352.3  3555.7  8398.8  42823.0    42889
read      441.0   412.9   148.8   220.5   239.7   382.8   457.2   503.6   540.2   586.2   650.5   774.9  1544.1  4093.7 13972.3  93833.8    93552
read      415.7   313.8   148.8   209.6   225.2   353.6   431.5   482.3   522.5   574.4   640.4   752.4  1521.8  2844.9  9335.1  65802.0    65694
read      462.1   645.8   160.7   206.5   221.7   362.9   482.2   546.1   590.8   635.6   691.4   830.6  1612.3  8044.0 29492.8  29483.8    29574
read      421.2   301.6   148.8   209.1   224.6   358.3   444.7   503.6   550.6   607.0   668.1   755.9  1426.5  2494.2  9561.2  51286.6    51355
read      416.2   342.9   160.7   210.0   225.5   353.8   434.4   484.7   524.6   575.2   639.6   740.1  1471.4  3591.5  8764.9  67325.0    67361
read      514.0  1010.6   160.7   212.1   228.7   403.8   492.0   535.6   568.5   609.9   670.5   804.5  3034.0 13133.2 33085.5  16274.2    16287
read      449.2   484.1   160.7   214.9   232.0   372.1   453.9   505.7   548.0   604.7   682.4   846.1  1680.2  4705.6 28149.9  81476.0    81508
read      427.1   483.3   160.7   212.5   229.2   360.5   432.2   477.0   512.1   559.0   626.2   746.4  1649.6  5476.9 20104.5  87731.2    87619
read      491.1   659.1   148.8   229.1   254.5   413.2   497.2   552.0   596.8   652.7   729.3   855.0  1533.9  7844.7 31612.8  99239.6    99068
read      412.8   294.2   148.8   205.8   220.7   345.4   433.3   495.4   543.9   601.1   662.3   745.1  1379.2  2766.7  8340.9  51184.0    51267
read      546.1  1172.4   160.7   216.0   232.7   395.4   470.8   510.7   541.6   584.8   649.0   972.5  3985.4 20213.1 32414.4  11823.4    11822
read      447.2   585.5   160.7   218.9   237.5   379.1   451.6   497.5   534.6   582.6   648.6   768.7  1585.1  7357.7 30453.0  97230.4    97494
read      443.0   603.6   160.7   217.5   236.1   373.8   446.7   491.9   527.4   572.4   633.3   747.0  1543.6  7908.1 29427.0  97122.4    97350
read      410.2   369.0   148.8   207.1   222.1   347.7   429.2   484.5   529.7   585.3   646.5   730.2  1343.9  2996.5 12600.8  55220.2    55460
read      435.2   448.4   148.8   212.0   228.4   359.8   432.2   478.0   514.5   562.9   631.2   782.1  1831.0  4420.9 14080.0  86123.2    85984
read      427.6   616.9   148.8   211.5   227.8   356.2   428.9   474.0   509.6   555.5   618.5   722.9  1588.8  8245.5 30846.4  82142.8    82043
read      416.2   425.2   148.8   205.6   220.4   342.3   423.0   480.9   528.8   587.6   649.7   739.3  1507.6  5230.9 11914.2  52911.6    52873
read      521.9  1109.8   160.7   211.7   228.1   396.8   478.2   519.8   550.9   596.1   656.5   803.7  3563.3 14563.2 37165.7  13839.0    13911
read      407.4   326.7   148.8   204.6   219.0   341.3   424.1   483.6   531.7   587.8   646.0   725.5  1387.5  3460.1  8649.4  49851.0    49984
read      519.8  1262.6   173.5   218.5   234.9   382.0   441.5   472.6   498.6   531.3   584.1   798.2  3864.2 24481.5 42021.0   9359.4     9274
read      494.7   783.1   160.7   206.3   221.5   374.4   497.3   562.4   609.0   661.5   746.6   942.8  2233.1  9516.1 32212.8  27102.0    27187
read      473.9   591.4   160.7   208.9   224.4   394.6   491.6   539.7   576.0   621.3   689.5   850.6  2123.7  6086.7 29670.1  18797.8    18735
read      428.9   493.8   160.7   210.2   226.4   354.3   424.2   468.5   504.8   549.4   616.2   747.3  1781.5  6139.5 18900.8  86327.6    86505
read      417.5   517.2   148.8   212.3   229.2   356.8   424.4   466.4   499.4   540.7   598.3   695.3  1567.2  6246.1 24801.6  93191.2    93039
read      424.7   552.5   148.8   208.4   224.1   349.0   422.7   469.9   507.7   555.0   621.3   727.2  1692.9  7277.9 30181.2  76242.6    75999
read      424.5   322.3   160.7   204.0   218.2   345.9   460.5   526.2   570.6   618.1   671.8   789.1  1363.5  3985.8  9774.1  32306.0    32324
read      440.2   531.1   160.7   213.2   230.0   364.4   440.1   488.2   526.0   574.8   639.9   773.4  1787.9  6327.8 30266.6  84225.4    84255
read      434.6   493.8   148.8   211.7   228.2   359.9   434.7   482.3   519.2   566.9   632.8   757.0  1793.1  5815.9 20608.9  81586.0    81759
read      412.9   471.0   148.8   203.1   216.8   340.5   438.6   503.9   548.8   598.8   648.7   722.1  1191.3  5612.9 17297.7  37370.2    37291
read      420.7   456.8   160.7   206.6   221.3   350.2   433.4   491.1   536.1   591.6   655.0   743.7  1472.3  4865.6 17957.6  53451.2    53818
read      445.8   470.3   148.8   204.9   220.1   359.0   486.0   552.2   598.9   644.0   701.8   846.0  1390.3  5206.6 25750.9  30213.0    30297
read      430.5   498.2   160.7   204.8   219.5   349.9   459.9   524.9   568.7   615.4   666.9   752.8  1317.4  6258.8 27990.6  31714.0    31569
read      422.6   533.9   148.8   204.6   219.1   344.4   440.7   507.6   554.1   606.3   659.3   734.1  1345.5  6408.0 29936.7  38799.6    38927
read      441.2   542.8   160.7   219.5   235.8   396.5   467.9   502.8   527.6   555.2   593.7   664.3  1435.5  5028.1 35786.5  10710.4    10652
read      476.2   631.6   148.8   222.5   244.2   398.5   479.1   533.8   578.9   636.1   716.3   843.5  1566.3  7408.0 31444.8  97763.8    98119
read      408.8   500.6   148.8   204.1   218.2   339.4   423.6   482.9   530.0   585.9   642.8   717.1  1284.2  4805.1 27889.2  47964.4    48176
read      413.9   427.7   160.7   203.3   216.8   339.2   439.3   506.7   550.1   598.7   646.2   716.7  1262.5  5831.1 10907.7  34825.4    34929
read      416.2   478.3   148.8   209.2   224.5   350.3   427.8   477.1   515.8   564.3   627.7   720.5  1399.5  5726.0 23999.7  69609.4    69735
read      483.7   587.3   160.7   209.7   225.6   401.8   512.8   568.2   608.5   657.0   734.5   884.0  1859.8  6134.4 24276.5  20838.6    20753
read      423.5   569.8   160.7   211.5   227.8   354.8   425.4   469.6   505.4   549.4   612.3   715.6  1572.6  7561.4 29632.2  84657.8    84642
read      441.8   681.6   160.7   205.8   220.8   346.1   441.8   510.6   562.1   617.3   673.4   754.5  1647.8  7766.4 34528.8  42295.8    42333
read      410.6   336.8   148.8   207.3   222.3   343.1   422.8   477.2   521.4   577.3   641.7   740.0  1501.3  3421.3 10072.2  61331.8    61587
read      432.9   522.3   160.7   212.5   228.5   357.2   432.7   481.5   519.7   568.1   633.2   745.3  1778.9  6068.2 29557.2  78001.2    77998
read      418.7   493.0   148.8   215.6   233.4   362.6   429.6   470.7   504.1   544.9   601.3   703.0  1209.4  5993.5 28560.6  97511.2    97625
read      493.3   692.3   160.7   209.4   225.4   394.0   516.3   575.8   616.6   663.7   736.3   914.2  2217.1  7841.4 29543.4  23787.8    23781
read      410.7   424.6   148.8   208.3   223.1   343.7   420.0   470.2   511.3   563.7   629.4   722.6  1495.9  4480.8 13445.2  66827.2    66723
read      510.6   774.6   160.7   207.3   222.9   372.7   507.9   582.5   632.3   690.9   800.6  1042.3  2519.7  9720.5 31450.0  31186.2    31016
read      401.4   334.3   148.8   204.8   219.5   341.9   427.3   484.3   528.7   581.4   640.4   715.7  1101.8  3990.5  9785.2  47390.6    47394
read      444.9   543.9   148.8   216.4   236.7   378.6   452.5   499.4   537.2   585.7   654.6   773.6  1375.2  7310.3 28688.1  95262.8    95335
read      458.1   816.2   173.5   232.2   260.9   362.5   402.5   429.1   450.0   475.4   514.9   652.1  2734.2  9913.5 31961.8   5268.2     5252
read      440.4   495.8   148.8   208.8   224.9   354.9   435.1   488.7   531.3   586.3   662.9   846.6  1783.7  5905.8 14381.1  65677.2    65908
read      567.2  1227.8   160.7   211.0   228.7   422.7   520.8   579.6   623.7   675.3   741.0   872.7  3862.0 19251.5 37813.3  16875.2    16889
read      417.0   345.5   148.8   206.1   221.3   348.0   442.9   505.8   551.0   603.7   660.8   745.7  1336.4  3939.6 10191.3  42812.8    42912
read      478.3   596.1   160.7   224.8   248.5   404.2   486.4   539.4   582.9   637.0   711.7   835.8  1514.4  7670.9 30117.0  99944.8    99898
read      468.4   491.0   160.7   208.0   223.8   382.0   503.1   561.8   602.9   648.6   725.6   913.0  1589.9  5865.0 19364.1  26472.6    26385
read      489.4   622.6   160.7   212.8   230.0   407.1   514.3   566.6   606.4   660.2   745.0   914.1  1829.6  6978.4 30706.7  22596.8    22616
read      421.8   331.6   148.8   209.4   225.7   353.3   440.7   500.1   545.1   600.7   663.8   755.8  1441.7  3912.2  8281.1  50766.8    50605
read      418.1   436.7   160.7   212.1   229.8   357.9   426.9   469.5   503.7   546.4   609.2   722.3  1606.1  4389.2 19271.7  90250.4    90283
read      498.1   787.7   160.7   206.1   221.7   382.6   505.8   567.7   612.4   668.4   767.4   972.6  2274.7  7494.1 32277.0  26310.0    26273
read      402.2   392.2   160.7   204.0   218.3   336.8   421.5   484.7   533.3   588.5   646.4   718.9  1197.6  3184.9 11015.9  48699.0    48521
read      456.5   525.7   148.8   204.8   219.7   352.6   477.3   549.2   599.0   648.0   713.8   923.1  1572.1  6535.7 17570.0  34011.0    34058
read      397.2   286.7   148.8   208.2   223.3   340.6   411.3   458.1   495.5   542.3   607.1   703.5  1451.8  2762.0 11085.7  75523.2    75648
read      504.0   759.8   160.7   208.8   224.8   405.6   507.2   558.1   599.3   649.3   729.2   890.5  2559.5  7299.9 32728.8  19371.0    19482
read      546.8  1003.7   160.7   213.5   230.4   415.5   506.1   551.9   590.3   637.4   713.1   919.8  4170.7 12062.1 33725.0  15077.0    15054
read      416.9   341.5   148.8   208.6   224.4   347.7   419.5   464.2   500.6   547.5   618.1   747.2  1745.3  3415.7  9645.0  75611.8    75754
read      538.5  1641.2   173.5   235.1   261.5   358.9   394.2   417.6   435.0   461.3   500.3   663.9  4281.2 31159.8 37378.5   5191.0     5187
read      500.4   802.4   160.7   211.1   227.7   413.2   510.6   560.2   598.2   643.8   711.1   843.6  2456.8  9356.4 32147.9  17624.0    17656
read      445.7   424.4   148.8   216.2   234.3   371.6   445.8   491.9   528.6   577.0   647.3   824.9  1789.5  3673.7 14756.7  96309.2    96343
read      400.9   251.8   148.8   202.2   216.2   335.6   440.1   509.7   556.6   604.4   651.7   714.1  1084.8  2592.0  7437.5  36707.4    36665
read      400.7   321.6   148.8   209.4   225.4   346.2   413.0   454.5   487.3   529.7   589.4   691.4  1568.5  2992.0 13245.2  85511.6    85269
read      478.9   716.6   160.7   204.4   219.8   362.8   494.8   563.4   608.9   658.7   727.4   928.6  1825.9  8183.1 31685.5  31570.4    31525
read      404.7   353.9   148.8   206.1   221.0   337.5   412.6   466.4   513.1   572.6   641.1   733.4  1418.8  3155.4  9953.9  61876.8    61798
read      502.4   847.1   160.7   218.8   235.3   410.3   487.6   528.0   558.1   599.1   654.5   781.1  2865.5  7683.0 32498.9  12210.6    12253
read      488.2   733.9   160.7   206.0   221.5   385.0   511.9   574.1   617.5   667.9   749.0   924.4  1941.6  7090.2 32029.8  25798.2    25710
read      400.8   386.8   148.8   207.8   223.1   339.3   407.4   452.5   488.7   534.3   596.0   691.9  1537.6  4329.4 11073.0  80006.4    79937
read      465.9   905.1   160.7   226.6   247.7   376.3   425.1   454.2   475.1   503.0   544.0   656.1  2549.2 12478.6 32246.6   7382.8     7271
read      411.1   476.0   160.7   211.5   227.4   352.6   422.3   465.1   499.0   541.7   601.1   696.0  1367.3  5856.3 16315.2  85792.6    85861
read      402.8   337.3   148.8   210.9   226.9   348.4   414.9   457.3   490.3   531.7   588.6   685.6  1562.5  3939.4 10885.6  91659.6    91467
read      401.7   298.0   148.8   207.2   222.3   341.4   415.4   463.3   501.7   550.2   617.4   715.2  1512.1  2883.3  7949.2  72083.4    72217
read      466.9   536.4   148.8   203.6   218.4   359.3   494.4   567.0   615.3   666.3   742.3   946.6  1751.8  5883.2 28447.8  30989.6    31080
read      399.3   320.9   160.7   207.9   222.9   342.4   413.1   458.7   494.8   541.2   605.8   700.0  1469.9  3274.6 10606.0  76809.0    76878
read      410.8   320.3   148.8   210.3   226.2   351.4   422.5   467.6   504.3   549.7   616.7   728.8  1596.6  3212.7  8054.1  84492.0    84584
read      511.0  1057.9   160.7   216.5   232.8   399.4   475.3   515.9   547.0   591.9   646.1   780.8  2845.5 10992.5 36873.6  12537.8    12492
read      387.7   246.0   148.8   204.2   218.4   333.3   406.9   460.4   506.2   561.6   625.8   696.9  1109.9  2154.9  7809.1  57137.8    57106
read      415.2   422.2   148.8   213.9   230.8   357.9   424.7   467.1   501.1   543.6   604.2   708.6  1531.9  5100.8 10875.1  96281.0    96245
read      496.3  1310.8   160.7   228.0   248.9   370.9   418.5   446.6   467.7   494.1   530.3   624.2  3237.7 30270.0 36340.6   6814.0     6791
read      422.8   407.4   160.7   210.4   226.9   352.3   420.9   464.4   499.4   543.7   608.4   739.4  1763.1  4100.1 10968.7  90510.0    90728
read      485.5  1181.8   173.5   236.5   261.4   355.3   392.1   415.6   434.4   462.6   506.7   730.4  3454.0 26135.5 32357.4   5108.0     5151
read      423.8   391.2   160.7   210.7   226.9   352.3   422.6   467.2   503.4   549.1   618.5   750.5  1770.9  3646.0 13206.1  83076.8    82969
read      398.1   280.3   148.8   202.6   216.3   336.9   427.5   494.6   542.6   597.6   650.4   716.2  1084.5  2091.1 12097.3  42534.0    42635
read      428.9   438.5   148.8   217.6   236.1   369.9   440.1   485.3   520.8   566.6   630.8   746.8  1520.6  4643.4 15923.2  99243.4    99337
read      395.0   346.5   148.8   209.4   225.3   342.1   403.9   443.3   473.4   512.5   567.6   664.6  1585.8  3631.9  8383.4  95249.4    95192
read      402.1   380.6   148.8   206.6   221.6   338.7   411.0   460.4   500.6   550.5   620.6   714.7  1514.2  3396.4 13347.3  69120.8    69200
read      397.8   279.6   148.8   203.6   217.9   335.5   418.2   479.1   529.8   588.3   647.6   720.4  1219.5  2429.7  7716.4  49610.0    49459
read      476.5   602.3   160.7   204.9   220.1   366.6   498.8   564.2   608.4   657.1   735.0   959.0  1896.5  6476.9 31212.5  28889.4    29055
read      397.2   291.5   148.8   207.0   221.8   337.7   412.3   463.0   505.6   560.4   628.5   714.5  1313.5  2724.7  9439.1  64464.2    64324
read      475.7  1034.8   173.5   237.1   260.9   369.4   408.7   433.8   454.4   478.3   512.8   620.7  3043.7 12755.5 36600.9   5702.6     5705
read      400.0   395.2   148.8   210.1   225.9   343.9   411.7   455.2   489.2   532.5   591.4   685.3  1380.9  4265.4 13680.9  84688.8    84816
read      476.9   444.2   160.7   209.1   225.7   401.4   522.5   583.2   624.8   676.6   762.2   928.3  1470.0  5424.4 12778.0  23729.2    23714
read      839.3   729.5   160.7   258.0   295.5   492.3   894.2  1431.1  1558.2  1658.1  1760.2  1885.3  2767.4  4803.4 18268.1  74056.6    74116
read      472.8   506.3   160.7   209.5   225.5   405.1   512.2   565.4   605.0   652.2   726.8   864.8  1600.0  5142.3 24109.6  19787.4    19948
read      400.0   279.2   148.8   203.4   217.6   335.9   426.5   495.6   547.3   604.7   657.1   721.2  1031.7  3176.3  9356.3  44292.8    44213
read      491.8   655.5   160.7   209.9   226.1   411.3   515.3   566.6   604.5   650.9   727.2   871.4  2241.7  6525.5 31463.0  19452.4    19454
read      522.0  1242.3   160.7   231.9   253.1   387.9   439.1   469.6   493.9   523.8   569.7   684.9  3736.2 26722.6 32457.6   7162.4     7190
read      416.2   353.5   160.7   205.3   220.2   341.7   428.2   494.4   546.2   606.4   665.8   745.3  1486.4  4128.3  9285.8  47772.0    47657
read      403.4   317.5   148.8   203.9   218.1   337.3   426.4   495.9   546.7   603.5   655.8   724.0  1154.1  2711.8 10143.0  44514.2    44399
read      474.6   880.8   173.5   233.1   256.3   376.6   421.1   449.7   470.8   500.6   542.7   673.4  2557.1 12273.2 32421.7   6340.4     6481
read      451.0   944.2   173.5   235.8   259.2   368.8   408.2   433.1   453.4   476.9   510.6   605.4  2255.0 12190.0 38026.9   5820.8     5807
read      440.1   402.0   160.7   211.4   227.9   359.7   435.7   483.5   521.2   571.5   643.8   814.6  1861.8  3456.4 11990.8  83006.8    83137
read      422.8   393.5   160.7   223.1   240.8   390.4   448.4   479.1   500.9   527.9   564.6   633.6  1257.6  4041.7 16011.7   9716.2     9580
read      482.6   325.7   160.7   210.7   227.5   395.0   528.9   605.3   665.3   741.1   844.6  1040.7  1434.5  1982.8  9004.1  37392.0    37385
read      475.3   828.3   148.8   203.8   218.7   356.1   469.4   533.6   579.5   632.7   709.2   950.4  1838.8 12998.9 36166.9  33630.2    33706
read      436.0   429.6   148.8   203.1   217.4   350.8   461.7   524.4   568.6   620.8   687.9   867.4  1366.3  6012.8 13616.5  35287.6    35204
read      395.5   310.2   148.8   204.8   219.7   344.0   426.7   479.1   518.7   566.5   625.0   703.9   981.8  2341.3 12319.8  50395.2    50438
read      398.1   278.7   148.8   205.4   220.5   343.6   427.9   484.6   528.3   580.0   638.9   716.4  1030.1  2524.6  6824.2  48876.4    48878
read      397.2   221.2   148.8   204.4   219.1   343.9   434.6   495.4   539.5   590.2   642.6   710.2   960.3  1797.6  7714.2  42557.8    42682
read      469.1   469.5   160.7   206.3   221.9   384.6   507.1   570.3   617.0   674.8   765.5   935.9  1565.9  4547.9 19079.8  27461.2    27416
read      385.7   244.9   148.8   206.5   221.8   337.8   411.1   458.1   494.9   540.6   601.7   684.6   978.4  2324.0  6189.4  64541.4    64424
read      388.4   293.9   148.8   206.8   222.2   339.9   414.2   460.7   496.9   541.7   601.6   683.4   955.8  2307.8 10871.3  64216.8    64364
read      419.0   697.3   160.7   235.5   262.7   374.6   417.8   442.3   461.3   483.5   510.1   560.8   926.8 10588.5 36408.6   5436.4     5481
read      452.8   354.6   160.7   210.1   226.9   391.0   498.4   551.9   592.1   636.7   701.4   857.9  1345.9  4359.4 10254.6  25996.0    26227
read      395.3   285.0   160.7   203.8   218.9   351.8   463.6   512.0   540.3   571.5   607.2   655.4   756.6  1604.7 13750.4  26692.6    26586
read      370.3   168.3   148.8   209.5   225.2   338.4   402.8   442.6   472.3   509.4   559.3   633.8   784.1  1303.3  4389.3  86198.2    86286
read      402.8   341.9   148.8   203.9   219.3   362.2   481.7   529.4   557.7   587.6   620.6   664.7   758.9  1518.7 11436.7  24358.8    24452
read      400.9   233.5   148.8   203.7   219.2   354.1   477.5   530.3   561.5   592.7   626.8   672.9   773.4  1523.7  8893.3  26828.6    26832
read      398.4   296.3   148.8   203.3   218.6   343.3   463.0   522.6   557.1   591.9   628.4   675.9   775.6  2097.7 14796.1  29927.6    29795
read      384.9   229.1   148.8   203.5   218.0   335.1   419.9   485.4   532.6   581.5   631.0   686.4   790.5  1330.1  7856.1  45878.0    46224
read      370.8   194.6   148.8   208.5   224.2   337.8   401.8   441.6   471.6   508.9   558.4   635.0   792.3  1363.2  8341.6  84404.8    84587
read      379.1   186.0   148.8   206.5   221.8   335.3   409.6   460.2   500.8   549.2   609.2   678.9   799.5  1555.0  4352.9  63549.0    63389
read      387.7   210.4   148.8   204.9   220.1   337.5   423.0   486.9   534.0   584.7   634.8   691.2   802.7  1396.0  7642.4  47183.6    46953
read      368.9   169.4   148.8   209.8   225.7   338.8   400.5   438.3   467.2   503.0   548.5   623.5   783.3  1324.3  4207.5  90490.6    90536
read      398.0   315.3   148.8   216.2   233.3   392.9   448.4   475.0   493.6   513.3   540.3   582.1   681.1  2436.9 16204.0  12549.2    12508
read      392.3   231.4   148.8   203.4   218.5   339.4   441.1   507.2   549.1   592.6   636.4   688.9   795.1  1323.1  8492.7  38397.6    38491
read      371.9   166.6   148.8   211.9   228.7   345.2   404.5   440.7   467.7   501.5   544.6   616.0   778.0  1450.2  4526.8  97902.0    97806
read      392.1   256.2   160.7   220.1   237.0   390.3   441.9   467.3   484.9   503.2   527.4   561.2   652.2  1846.9 14016.2  11879.8    11813
read      391.5   225.9   148.8   202.7   217.4   337.2   433.9   504.1   548.1   594.0   638.8   690.7   805.3  1488.5  9725.8  39437.6    39665

Total QPS = 49510.9 (42084272 / 850.0s)

Total connections = 64
Misses = 0 (0.0%)
Skipped TXs = 0 (0.0%)

RX 10394815184 bytes :   11.7 MB/s
TX          0 bytes :    0.0 MB/s
Warning! Detected max cpu usage > 95%
CPU Usage Stats (avg/min/max): 99.98%,50.00%,100.00%

