Random waveform, supplied seed
Total number of intervals = 172 (7434, 67201, 85927, 63953, 31595, 87879, 7287, 62295, 6561, 22532, 60653, 59076, 60154, 22964, 8172, 27652, 37594, 24367, 33771, 84944, 85666, 51918, 34406, 28664, 38289, 20658, 13840, 93419, 98284, 71313, 42089, 46458, 30755, 42889, 93552, 65694, 29574, 51355, 67361, 16287, 81508, 87619, 99068, 51267, 11822, 97494, 97350, 55460, 85984, 82043, 52873, 13911, 49984, 9274, 27187, 18735, 86505, 93039, 75999, 32324, 84255, 81759, 37291, 53818, 30297, 31569, 38927, 10652, 98119, 48176, 34929, 69735, 20753, 84642, 42333, 61587, 77998, 97625, 23781, 66723, 31016, 47394, 95335, 5252, 65908, 16889, 42912, 99898, 26385, 22616, 50605, 90283, 26273, 48521, 34058, 75648, 19482, 15054, 75754, 5187, 17656, 96343, 36665, 85269, 31525, 61798, 12253, 25710, 79937, 7271, 85861, 91467, 72217, 31080, 76878, 84584, 12492, 57106, 96245, 6791, 90728, 5151, 82969, 42635, 99337, 95192, 69200, 49459, 29055, 64324, 5705, 84816, 23714, 74116, 19948, 44213, 19454, 7190, 47657, 44399, 6481, 5807, 83137, 9580, 37385, 33706, 35204, 50438, 48878, 42682, 27416, 64424, 64364, 5481, 26227, 26586, 86286, 24452, 26832, 29795, 46224, 84587, 63389, 46953, 90536, 12508, 38491, 97806, 11813, 39665, 53571, 63215)
Average QPS expected = 49626
Timestamp start: 1715008731892
Timestamp end: 1715009592476

#type       avg     std     min      p5     p10     p50     p67     p75     p80     p85     p90     p95     p99    p999   p9999      QPS   target
read      423.6   396.3   173.5   233.1   254.5   383.8   435.4   465.9   488.6   514.1   546.8   610.4  1488.6  4396.4 15526.5   7405.0     7434
read      388.1   261.6   148.8   205.5   220.1   332.1   406.5   458.3   498.2   545.4   608.5   711.7  1150.8  2236.6  7305.4  66963.0    67201
read      385.4   294.4   148.8   205.9   221.4   337.8   404.5   449.0   483.4   526.4   585.0   681.2   974.3  3194.5  8111.8  85815.4    85927
read      381.3   224.3   148.8   204.1   218.4   332.7   408.4   458.5   495.9   539.4   594.3   685.3   972.8  1971.4  8330.8  63645.4    63953
read      436.8   391.0   148.8   204.7   219.6   362.2   475.0   536.5   579.8   631.5   700.3   848.0  1346.5  3975.7  9303.0  31625.4    31595
read      373.8   209.0   148.8   206.4   221.8   334.1   399.5   441.6   474.5   516.0   572.3   658.3   866.9  1729.1  8004.4  87813.0    87879
read      413.3   391.7   160.7   227.4   250.5   382.7   428.7   457.5   478.2   503.0   536.1   589.1  1147.6  5749.4 15902.4   7220.8     7287
read      386.2   231.7   148.8   205.4   220.1   334.9   411.4   462.6   503.1   549.4   611.8   695.5   998.6  2026.6  6329.7  62432.8    62295
read      447.0  1019.6   160.7   226.4   250.2   372.8   414.5   438.6   458.4   481.4   511.8   575.2  1667.8 14296.4 39314.4   6551.0     6561
read      489.0   709.9   148.8   205.8   221.6   390.5   501.4   557.9   601.0   654.2   727.2   885.8  2358.3  7725.3 31881.2  22405.4    22532
read      393.2   236.6   148.8   206.0   220.7   336.8   418.8   473.8   515.9   564.6   626.6   722.2  1087.8  2180.2  6329.9  60742.0    60653
read      384.3   200.1   148.8   206.0   220.6   334.4   416.5   470.7   511.9   559.7   617.5   694.3   890.2  1692.3  6015.0  59320.6    59076
read      399.0   294.3   148.8   206.3   220.8   337.6   417.4   473.4   518.3   570.1   633.8   727.9  1252.7  2502.2  9781.5  60139.6    60154
read      499.3  1243.5   148.8   205.5   220.6   385.6   494.5   549.2   588.2   637.4   713.9   872.0  2162.5 11911.2 57815.5  22973.0    22964
read      515.3  1294.9   160.7   221.1   241.0   380.7   433.6   464.3   487.5   514.8   556.5   686.9  3804.3 20131.4 35995.4   8144.0     8172
read      488.2   905.9   148.8   203.2   217.7   361.3   485.5   548.4   593.1   644.0   717.9   899.0  2136.6 12713.5 32239.0  27707.6    27652
read      403.0   251.1   148.8   203.1   216.7   338.7   435.5   503.4   549.8   600.2   653.6   726.9  1215.0  2222.3  8396.1  37632.2    37594
read      476.1   582.1   160.7   204.6   219.0   376.4   491.6   550.2   592.6   645.5   729.1   911.5  2427.5  7094.9 23115.0  24468.4    24367
read      409.1   319.1   148.8   203.0   216.6   342.8   444.6   508.6   550.7   597.7   651.2   731.2  1231.7  2848.2 10744.2  33616.8    33771
read      405.1   353.0   148.8   208.2   223.5   339.3   406.1   451.9   488.8   535.8   601.7   725.4  1648.6  3902.4  9065.3  85140.0    84944
read      408.1   392.3   148.8   209.7   225.5   345.8   415.2   460.1   496.1   541.4   606.0   719.5  1590.1  3805.9 14613.7  85880.6    85666
read      407.9   314.1   148.8   205.8   220.4   338.7   423.1   486.2   535.7   593.5   657.7   739.0  1334.3  2966.6 10808.8  51920.6    51918
read      406.7   259.3   148.8   204.9   219.5   343.0   446.2   512.2   555.3   601.1   653.0   728.1  1158.3  2174.2  8290.3  34287.2    34406
read      458.4   406.6   160.7   208.0   223.9   372.5   500.3   567.2   613.5   664.6   735.1   905.8  1469.6  3987.9 10437.2  28652.8    28664
read      414.0   252.9   148.8   206.0   220.9   345.3   448.4   518.8   566.8   617.6   671.6   747.8  1238.3  2483.3  7237.7  38278.6    38289
read      498.9   821.0   160.7   206.5   222.5   394.8   503.7   557.1   593.8   640.3   713.7   876.1  2551.2  9373.9 33109.3  20650.8    20658
read      468.7   668.6   160.7   214.0   230.2   397.7   477.2   517.6   545.7   584.0   640.4   763.9  2219.1  7377.7 31001.1  13793.2    13840
read      448.7   474.1   148.8   211.9   229.3   361.7   432.7   480.1   518.8   571.0   650.7   904.0  1841.5  5974.9 13807.8  93555.4    93419
read      434.0   476.3   148.8   215.0   232.9   367.9   440.3   486.8   522.8   569.6   636.3   759.4  1655.9  6684.7 17038.5  98458.6    98284
read      406.8   338.8   148.8   208.1   223.0   340.6   415.4   465.9   506.0   556.7   624.8   726.2  1564.4  3921.4  8980.0  71460.4    71313
read      400.4   260.7   148.8   203.2   216.9   335.8   427.0   494.4   543.9   597.3   654.9   726.6  1205.2  2286.9  7766.3  42185.0    42089
read      406.3   257.5   148.8   205.5   220.1   342.5   431.1   495.7   544.7   599.7   660.1   737.2  1254.9  2496.1  8482.7  46614.0    46458
read      444.3   592.5   160.7   203.8   217.9   352.9   469.2   538.3   582.0   630.1   686.9   815.8  1432.4  6265.4 31458.7  30806.8    30755
read      408.9   286.2   148.8   204.1   218.6   341.1   436.3   505.9   557.0   612.0   668.2   741.3  1217.3  2728.2  9316.7  43005.6    42889
read      416.9   384.1   148.8   210.9   227.4   352.2   420.9   464.8   500.3   544.9   611.5   740.5  1683.5  4644.7 10452.7  93565.2    93552
read      401.5   271.3   148.8   205.9   220.3   335.4   409.5   463.5   507.4   562.7   630.6   733.6  1552.8  2786.7  7198.5  65731.0    65694
read      448.3   601.9   148.8   203.1   217.2   351.2   471.2   537.3   580.0   629.3   690.7   842.4  1536.5  6455.3 29658.6  29636.8    29574
read      407.8   424.0   160.7   205.4   219.8   337.8   420.6   481.4   530.0   586.6   649.8   731.5  1368.9  2921.4 20906.4  51483.2    51355
read      402.0   330.6   148.8   207.2   221.8   337.8   412.7   464.4   507.2   561.1   629.1   732.5  1425.9  2834.1  8590.7  67356.2    67361
read      535.7  1208.7   148.8   212.5   229.0   402.1   492.7   538.9   573.4   617.6   680.8   802.6  3566.2 20161.0 36301.6  16288.2    16287
read      430.7   414.1   148.8   211.3   227.3   353.2   432.8   486.3   528.6   582.8   661.8   831.4  1679.3  4183.6 12842.5  81379.6    81508
read      405.3   574.8   148.8   207.3   222.4   337.1   402.5   444.8   478.2   520.7   579.3   677.4  1561.7  6901.7 30369.1  87882.4    87619
read      423.1   680.3   148.8   211.7   228.8   354.2   420.6   461.9   493.4   531.9   584.7   682.8  1470.7  7732.4 31583.7  99437.2    99068
read      394.7   327.7   148.8   201.4   214.2   328.3   409.2   469.9   519.0   573.8   635.6   714.1  1242.6  3426.1 10113.8  51299.4    51267
read      509.4  1050.7   160.7   214.6   230.9   389.9   457.8   495.4   523.0   556.7   611.1   743.1  3874.7 12130.7 32212.3  11769.4    11822
read      418.4   616.7   148.8   210.9   227.3   350.6   418.1   460.7   493.8   535.3   592.1   695.7  1548.8  7445.1 31627.1  97788.8    97494
read      414.0   528.1   148.8   211.0   227.3   349.4   416.2   458.7   491.6   533.1   591.3   706.5  1467.2  6060.6 28794.1  97474.0    97350
read      404.6   472.6   148.8   204.3   218.1   329.3   409.4   468.4   516.4   572.7   637.6   722.6  1382.0  5555.4 17865.2  55496.0    55460
read      420.7   533.4   148.8   209.1   224.5   344.0   412.9   457.8   493.4   539.1   605.1   736.8  1767.7  6397.7 23888.5  86040.2    85984
read      412.8   436.9   148.8   208.0   223.1   339.1   409.0   457.3   495.8   543.9   611.8   735.7  1689.4  5371.9 12821.2  81979.0    82043
read      408.6   515.4   148.8   203.3   216.9   328.7   409.5   470.4   520.0   576.5   640.0   723.1  1476.9  6312.3 26910.2  52715.8    52873
read      485.3   810.6   160.7   211.7   227.7   394.4   473.6   515.2   544.1   583.4   640.3   770.4  2980.2  7599.8 35895.4  13810.2    13911
read      406.5   444.9   148.8   203.1   216.6   331.2   416.7   481.3   531.9   587.5   650.3   734.6  1357.6  4378.4 17371.7  49841.6    49984
read      498.9  1152.9   160.7   220.9   238.9   388.0   443.2   476.6   501.4   532.4   575.8   685.1  3455.3 13924.4 39330.8   9243.0     9274
read      496.5   765.0   148.8   203.8   218.5   372.3   495.7   561.2   608.2   663.6   743.7   931.1  2561.9  9622.4 31391.9  27280.0    27187
read      482.8   764.6   160.7   208.8   224.9   396.8   497.6   547.5   584.2   632.0   695.2   835.6  2197.4  6625.2 32348.9  18765.2    18735
read      453.9   450.7   148.8   208.3   225.0   354.4   427.9   477.6   519.5   576.7   672.0  1166.9  1937.8  4152.0 10401.2  86385.8    86505
read      399.5   464.3   148.8   207.2   222.5   337.8   402.1   443.2   474.9   515.9   573.3   676.1  1571.6  5861.5 15959.4  93095.0    93039
read      413.1   447.7   148.8   207.2   222.1   338.4   410.0   459.8   501.1   551.8   623.0   738.7  1672.7  4615.6 14906.0  75994.8    75999
read      432.0   450.8   160.7   202.8   216.5   347.6   464.6   532.7   576.7   624.9   681.3   794.8  1396.1  4869.1 16134.0  32452.2    32324
read      401.5   442.7   148.8   205.9   220.6   332.6   397.9   440.3   475.8   522.9   586.5   700.1  1662.2  5024.3 15594.0  84244.2    84255
read      414.2   488.3   148.8   208.2   223.3   342.0   412.6   459.3   496.6   543.3   608.5   723.0  1665.9  6161.9 18407.5  81677.8    81759
read      402.0   345.5   148.8   200.7   213.6   330.3   430.0   501.6   548.5   597.4   648.7   720.4  1172.4  3856.9  8755.5  37495.2    37291
read      405.4   443.2   148.8   203.5   217.4   334.7   414.5   468.5   510.9   562.7   626.0   718.0  1381.6  5875.0 12915.4  54031.2    53818
read      436.9   396.4   148.8   202.1   216.0   352.8   463.7   524.1   566.3   619.2   693.2   860.5  1488.2  5215.0 10852.6  30304.4    30297
read      436.5   499.3   148.8   201.6   215.3   350.3   454.7   513.9   552.9   603.7   678.5   864.8  1494.2  5262.3 24170.9  31446.6    31569
read      404.8   475.8   148.8   200.2   213.4   333.4   425.8   487.3   530.1   576.1   630.1   707.4  1186.2  5402.7 24991.4  38865.2    38927
read      456.8   679.6   160.7   215.1   232.9   388.1   453.1   488.3   512.8   544.8   590.3   686.3  2206.4  7636.4 31466.0  10635.4    10652
read      426.3   600.0   148.8   209.7   227.0   354.5   421.3   463.3   496.3   537.7   597.2   721.3  1677.5  9029.0 29476.9  97725.8    98119
read      399.6   324.9   148.8   202.6   215.9   335.1   418.7   477.4   521.9   571.7   632.7   718.4  1304.6  3557.9  9632.7  48334.8    48176
read      457.6   605.6   148.8   202.6   216.5   348.2   456.8   523.6   568.4   621.5   691.9   915.0  1972.1  7106.4 23366.1  35050.4    34929
read      410.8   380.2   148.8   205.6   220.6   340.4   415.3   465.1   505.6   557.1   627.8   747.4  1604.3  4309.1  9921.4  69746.4    69735
read      453.2   469.8   160.7   205.9   220.7   382.9   482.4   533.4   569.9   617.5   689.4   832.4  1580.9  6430.3 16598.3  20991.6    20753
read      403.8   407.9   148.8   206.0   221.2   339.3   406.6   451.1   486.6   532.6   597.3   723.7  1591.8  4249.5 13473.0  84607.4    84642
read      388.8   235.9   148.8   200.1   213.4   328.6   415.7   479.5   525.0   573.9   628.1   697.2  1117.9  2516.0  6105.6  42401.0    42333
read      394.9   325.5   148.8   203.5   217.1   328.8   403.4   457.9   501.6   553.7   619.3   708.6  1383.3  3868.8  9738.9  61598.6    61587
read      406.5   459.6   148.8   205.7   220.5   333.5   402.3   449.5   487.9   537.6   604.9   720.9  1671.5  4925.0 15826.7  77888.0    77998
read      414.4   489.5   148.8   212.1   229.2   354.1   422.4   465.9   500.1   542.4   602.0   708.3  1289.7  5853.4 25313.3  97585.8    97625
read      515.6   896.4   148.8   207.1   223.1   399.8   518.0   586.3   638.7   696.4   770.1   902.2  2387.8  9845.1 31868.5  23774.6    23781
read      434.3   535.5   148.8   206.3   220.8   333.7   409.9   466.8   515.3   577.4   663.3   927.9  1858.2  5920.9 23177.3  66470.0    66723
read      475.7   762.9   148.8   203.9   218.4   360.3   480.6   549.3   599.0   661.2   751.3   940.4  1682.3  7963.4 35824.8  31039.2    31016
read      404.1   396.2   160.7   203.6   217.4   335.9   424.4   485.6   532.5   584.2   642.8   721.1  1193.0  4290.4 12891.5  47575.4    47394
read      405.3   572.4   148.8   208.3   224.1   341.8   407.1   448.4   480.4   521.8   578.3   671.8  1126.0  7690.1 29484.1  95354.0    95335
read      508.4  1363.0   160.7   235.0   261.0   357.4   397.1   421.3   439.5   466.3   506.7   663.4  4041.0 25149.7 32038.7   5239.6     5252
read      417.3   464.3   148.8   206.5   221.5   334.7   412.8   468.0   511.9   566.3   636.6   760.2  1633.6  5228.4 15018.1  65682.8    65908
read      513.2   915.8   148.8   210.6   227.3   402.9   495.8   546.3   586.2   638.6   709.2   857.6  3046.3 12658.0 34555.2  16877.8    16889
read      411.8   510.8   148.8   203.9   218.1   334.4   426.4   492.5   540.0   590.9   646.6   721.4  1244.1  6128.2 25721.7  42913.6    42912
read      399.1   431.5   148.8   209.6   226.0   343.7   407.9   449.4   481.9   523.1   580.7   683.4  1355.2  4362.9 15723.2  99801.2    99898
read      461.9   527.1   148.8   204.9   219.7   371.5   492.2   552.4   592.7   643.6   714.4   870.7  1765.5  6275.6 22077.5  26212.0    26385
read      498.7   814.8   148.8   206.5   222.0   388.8   500.3   557.3   597.0   650.3   729.2   896.1  2445.4  9325.8 32128.1  22576.2    22616
read      404.7   392.2   148.8   203.8   217.6   333.8   416.8   478.3   528.3   582.6   644.0   729.0  1376.8  4045.7 11730.7  50515.6    50605
read      379.4   223.7   148.8   209.4   224.7   337.9   402.9   444.5   476.6   517.5   571.7   658.6   916.2  2485.2  6750.4  90164.6    90283
read      476.0   687.2   148.8   204.8   219.6   373.0   493.8   555.5   596.3   646.7   720.1   885.7  1857.5  8257.2 31169.8  26238.8    26273
read      394.0   259.4   148.8   202.9   216.2   328.9   414.7   477.9   528.1   583.3   644.1   720.8  1171.4  2879.2  5521.4  48525.6    48521
read      485.8   731.8   148.8   203.7   218.1   352.4   479.4   553.1   601.9   661.7   757.9   975.8  2160.5  8762.1 31127.9  34023.8    34058
read      396.8   317.3   148.8   204.7   218.9   327.0   397.8   446.5   488.0   542.0   614.7   743.8  1559.5  2946.9  8093.2  75676.2    75648
read      484.4   761.1   148.8   206.7   222.1   391.4   489.8   539.3   575.6   623.9   698.3   853.7  2489.3  7110.0 31534.3  19396.4    19482
read      503.8   891.2   160.7   211.7   228.2   404.5   494.5   542.9   580.2   627.8   688.6   806.3  2526.0 11618.5 32021.7  15092.0    15054
read      394.2   311.0   148.8   205.8   220.1   330.3   400.2   447.8   487.0   537.1   603.6   711.6  1505.5  3219.5  8344.1  75706.2    75754
read      495.0  1096.4   173.5   237.8   263.5   359.9   397.4   420.6   437.4   465.3   509.0   855.8  3759.7 23043.9 32164.4   5194.8     5187
read      510.4   912.5   160.7   210.0   226.0   402.5   496.6   545.8   583.6   636.6   717.2   874.4  2893.7  7985.7 36670.9  17509.0    17656
read      398.2   314.6   148.8   209.0   224.9   342.0   406.9   448.8   481.6   525.0   586.0   708.6  1559.4  2813.3  9356.9  96489.6    96343
read      404.4   523.0   148.8   198.1   211.3   324.6   428.8   500.8   546.3   591.5   642.7   721.8  1202.7  4460.8 28364.7  36554.4    36665
read      386.7   302.6   148.8   204.4   218.7   326.1   391.6   434.3   469.8   517.4   582.0   693.6  1534.8  2706.0  8065.9  85105.2    85269
read      486.2   787.9   148.8   203.3   217.4   353.8   479.8   550.0   596.4   655.2   745.3   992.1  2346.8  7997.7 31640.1  31486.2    31525
read      384.3   237.0   148.8   202.8   216.0   323.5   396.6   449.8   494.8   550.2   615.3   704.1  1268.7  2387.1  4720.1  61650.4    61798
read      496.9   976.9   160.7   215.3   231.4   390.7   459.0   497.1   526.9   567.5   633.7   782.5  3158.8  9563.7 37082.8  12252.2    12253
read      481.1   735.2   160.7   205.0   219.8   374.4   492.2   552.1   592.9   649.0   741.4   938.0  1844.4  9968.9 31676.2  25744.0    25710
read      387.2   290.1   148.8   204.9   219.2   326.4   394.4   439.4   477.5   526.9   591.1   700.1  1441.8  2916.8  8893.1  79904.8    79937
read      482.4  1163.6   173.5   227.0   247.9   374.3   418.0   445.4   466.9   496.3   540.2   669.0  2786.5 16167.2 39638.7   7268.4     7271
read      399.5   370.0   148.8   206.9   221.8   333.0   398.3   441.7   477.5   525.7   590.6   717.7  1585.2  3936.1 10912.5  85635.6    85861
read      385.9   313.1   148.8   207.0   222.0   333.0   395.7   435.5   468.6   510.5   571.1   673.4  1392.9  3588.8 10094.2  91435.0    91467
read      383.4   274.4   148.8   203.0   216.5   324.3   394.0   441.5   481.7   533.1   597.9   691.4  1388.4  2631.0  7345.2  72053.8    72217
read      463.6   565.7   148.8   202.1   216.5   361.5   488.7   556.4   603.2   663.5   755.9   944.5  1669.4  5472.9 29553.6  31020.2    31080
read      377.4   294.4   148.8   202.6   215.6   317.8   383.1   426.4   463.1   512.2   579.5   676.4  1446.8  2812.3  7703.9  76769.8    76878
read      378.1   313.2   148.8   204.5   218.8   325.1   388.5   428.1   460.6   503.0   563.2   661.9  1375.1  3127.3  8970.9  84459.2    84584
read      483.7  1003.0   160.7   215.1   231.4   392.5   461.7   499.6   528.9   566.7   625.7   731.6  2112.1 15199.7 33152.2  12621.2    12492
read      389.1   267.8   148.8   202.4   215.4   326.4   403.5   461.4   508.8   565.1   628.0   708.3  1242.4  2440.3  8153.7  57014.2    57106
read      393.9   447.5   148.8   206.4   221.5   332.5   394.9   435.2   468.1   510.3   571.4   678.7  1511.0  6301.9 13758.6  96325.8    96245
read      532.8  1446.7   173.5   228.5   251.4   375.1   420.1   448.2   469.1   498.6   539.8   692.0  4474.7 30091.4 36791.4   6814.8     6791
read      395.3   379.4   148.8   207.1   222.2   336.2   401.3   444.6   479.3   524.9   587.1   700.4  1473.7  3678.1 14118.5  90785.4    90728
read      502.1  1361.7   173.5   236.8   262.9   357.4   393.9   415.1   432.1   458.3   500.9   704.7  3666.0 30010.7 36133.9   5131.0     5151
read      408.1   354.7   148.8   205.4   220.1   332.3   400.7   448.2   488.3   540.9   616.4   773.8  1707.6  3011.3 10522.6  82823.0    82969
read      390.9   290.4   148.8   199.7   213.0   328.1   418.8   484.3   533.1   582.6   636.1   703.6  1016.0  2491.4  9239.2  42723.2    42635
read      403.9   363.9   148.8   209.7   226.1   346.1   410.0   451.8   484.6   527.2   587.0   706.5  1558.4  4357.0 11353.9  99128.4    99337
read      401.6   344.9   148.8   208.2   224.1   343.3   408.1   450.3   483.3   526.8   588.2   717.2  1580.4  3007.2 10110.6  95126.4    95192
read      379.2   244.8   148.8   203.1   216.5   320.2   389.5   436.3   476.9   530.0   594.2   683.8  1330.5  2787.8  5579.2  69100.6    69200
read      387.3   257.2   148.8   201.0   214.1   325.4   407.8   469.1   518.8   573.1   631.8   701.8  1123.9  2251.8  9791.7  49435.8    49459
read      489.0   672.5   160.7   204.8   220.0   375.3   500.0   566.9   614.8   676.8   776.7   982.1  1899.7  7937.1 30554.6  29080.4    29055
read      385.1   274.2   148.8   202.8   215.7   323.4   396.5   447.4   491.2   545.8   611.7   697.0  1304.1  2739.6  8046.4  64309.4    64324
read      426.5   669.1   160.7   234.4   258.7   362.2   400.0   422.6   438.3   462.4   496.5   573.7  2248.8  6039.4 31631.6   5705.0     5705
read      492.5   457.6   148.8   213.4   230.9   361.3   443.7   501.3   553.7   641.4   886.8  1501.4  2001.8  2968.3 12639.7  84658.6    84816
read      473.4   600.4   148.8   204.5   219.7   384.1   496.3   553.0   592.8   646.8   736.8   918.1  1708.9  7879.7 29028.9  23842.6    23714
read      387.1   278.2   148.8   204.4   218.5   329.0   398.1   445.4   486.0   537.1   601.8   700.9  1332.8  2738.9  7290.7  74157.4    74116
read      481.1   726.5   148.8   206.5   221.5   391.8   488.4   537.5   573.2   624.1   709.5   869.2  2301.7  7599.4 35147.3  19879.6    19948
read      401.6   334.6   148.8   199.8   213.3   330.2   418.8   484.6   533.5   584.5   640.4   727.5  1302.3  4257.7  8386.6  44199.8    44213
read      509.6  1002.9   160.7   206.6   221.9   393.0   491.3   540.3   577.2   628.6   707.4   873.2  3016.9  9433.1 38104.1  19447.0    19454
read      511.7  1221.5   160.7   224.3   244.5   376.8   426.9   458.2   481.5   509.0   547.0   650.1  4228.2 18620.5 34312.5   7250.8     7190
read      385.9   377.4   148.8   199.1   212.4   323.1   404.8   464.4   513.5   565.9   622.0   687.8  1004.7  3692.7 11894.2  47464.6    47657
read      389.8   259.9   148.8   200.0   213.3   329.6   418.2   481.6   530.8   581.8   637.8   707.0  1018.1  2273.5  9957.1  44337.6    44399
read      432.8   524.8   160.7   228.4   252.9   367.7   409.3   435.2   458.3   487.3   533.0   659.7  2169.6  6572.4 24603.6   6541.6     6481
read      436.3   906.9   173.5   232.4   257.9   364.8   402.0   423.9   438.7   461.8   493.9   569.2  1876.3  9345.8 32055.1   5842.0     5807
read      471.4   435.7   148.8   209.8   226.2   349.2   427.3   484.0   534.7   608.8   757.5  1421.4  2057.5  3311.1 10944.8  82939.8    83137
read      504.3  1255.8   160.7   219.5   237.0   384.7   444.5   480.2   506.4   539.0   584.4   675.6  3382.3 21963.1 36822.1   9515.4     9580
read      407.2   268.2   148.8   200.0   213.4   332.1   435.9   507.0   552.9   601.6   662.8   784.4  1247.7  2510.6  8399.9  37193.8    37385
read      416.3   335.8   148.8   199.4   213.0   336.7   448.8   516.5   560.2   607.3   670.9   816.2  1281.0  3781.7 10285.6  33682.0    33706
read      427.4   368.4   148.8   201.9   215.5   340.6   457.8   528.3   574.3   627.8   697.4   857.1  1312.9  3842.2 10121.8  35036.2    35204
read      383.8   250.5   148.8   203.5   217.4   327.0   404.9   462.1   507.7   559.7   617.6   688.8  1007.7  2330.2  6325.7  50453.4    50438
read      389.1   270.1   148.8   203.8   217.8   330.0   411.4   470.7   518.4   570.4   628.4   698.8  1048.4  2477.1  9604.7  48828.8    48878
read      384.0   232.8   148.8   201.0   214.8   325.2   412.2   475.9   524.5   574.5   628.6   690.5   942.1  2044.2  8957.7  42666.4    42682
read      439.1   375.6   160.7   203.6   218.0   365.0   481.3   542.6   582.5   629.8   692.9   833.8  1389.3  4311.4 12612.5  27268.2    27416
read      385.8   296.0   148.8   203.0   216.3   325.7   397.3   446.5   488.0   539.9   605.5   700.7  1279.6  2687.1  9261.7  64484.2    64424
read      376.4   228.7   148.8   203.6   216.8   322.8   393.3   441.3   483.0   535.9   597.9   678.4  1095.9  2575.6  4390.4  64467.8    64364
read      399.4   469.5   160.7   230.9   256.6   360.6   400.9   424.3   440.7   462.0   491.4   539.8  1306.2  6091.2 22577.6   5500.6     5481
read      436.9   331.4   160.7   203.3   217.6   373.6   488.6   548.0   589.3   644.0   720.5   844.1  1149.6  3251.9 12396.1  26172.8    26227
read      484.3   373.7   148.8   210.3   226.7   394.2   522.9   596.0   655.8   733.7   857.6   956.4  1419.2  3890.0 11780.1  26404.0    26586
read      381.3   234.6   148.8   206.3   221.5   333.5   399.6   441.4   474.2   517.7   576.6   670.0  1160.1  2567.1  7795.5  86258.6    86286
read      384.8   212.0   148.8   203.4   217.9   346.3   453.1   500.9   529.2   557.3   587.0   630.9   718.9  1460.1  8043.6  24536.0    24452
read      387.2   197.8   148.8   203.1   217.4   342.3   453.5   507.8   539.3   570.0   602.4   645.3   742.9  1449.8  8254.7  26806.6    26832
read      385.0   258.4   148.8   201.6   215.2   332.5   441.2   499.4   534.5   568.4   603.7   650.6   748.5  2639.8 10909.9  29991.0    29795
read      378.7   202.9   148.8   203.2   216.9   328.3   412.8   473.2   519.4   566.8   616.7   677.6   793.7  1496.5  6954.5  46272.8    46224
read      362.1   189.4   148.8   205.9   220.3   326.2   391.3   431.2   462.9   502.7   554.3   632.0   789.0  1179.7  5679.7  84733.0    84587
read      370.2   187.2   148.8   204.6   218.8   325.1   397.8   447.1   487.8   538.4   595.1   666.4   790.4  1556.7  4270.8  63326.4    63389
read      375.9   203.0   148.8   202.3   215.9   326.8   410.2   469.2   514.8   563.1   612.2   672.5   782.3  1356.5  7472.2  46917.6    46953
read      358.4   167.0   148.8   206.0   220.8   326.7   388.6   426.0   455.1   491.6   539.6   613.7   766.7  1144.4  4734.0  90601.2    90536
read      385.8   224.6   160.7   219.0   234.6   382.4   431.8   456.2   471.6   491.7   513.6   548.3   660.5  2907.3  8688.7  12496.4    12508
read      378.1   195.5   148.8   201.2   214.8   328.0   420.5   481.9   524.0   564.7   608.5   666.4   791.9  1425.6  8020.9  38354.0    38491
read      360.6   166.8   148.8   208.6   224.0   330.8   389.9   425.9   454.2   489.1   535.6   608.7   769.3  1151.9  5990.6  97764.4    97806
read      383.6   227.3   160.7   220.2   236.4   382.0   428.5   452.1   467.6   487.2   508.4   545.0   640.4  2227.9  8170.3  11904.2    11813
read      377.9   194.6   148.8   201.7   215.1   326.9   419.3   482.2   526.1   567.6   610.5   666.1   782.5  1458.8  7550.7  39520.2    39665
read      373.8   191.1   148.8   203.9   218.0   327.2   405.8   460.8   504.8   554.6   606.4   669.0   781.9  1243.4  5785.6  53554.4    53571
read      370.1   197.0   148.8   204.7   218.8   325.2   398.0   447.2   488.0   537.5   592.3   663.2   792.3  1501.8  6390.8  63174.8    63215

Total QPS = 49616.8 (42670452 / 860.0s)

Total connections = 64
Misses = 0 (0.0%)
Skipped TXs = 0 (0.0%)

RX 10539601644 bytes :   11.7 MB/s
TX          0 bytes :    0.0 MB/s
Warning! Detected max cpu usage > 95%
CPU Usage Stats (avg/min/max): 99.97%,49.75%,100.00%

