Random waveform, supplied seed
Total number of intervals = 161 (7434, 67201, 85927, 63953, 31595, 87879, 7287, 62295, 6561, 22532, 60653, 59076, 60154, 22964, 8172, 27652, 37594, 24367, 33771, 84944, 85666, 51918, 34406, 28664, 38289, 20658, 13840, 93419, 98284, 71313, 42089, 46458, 30755, 42889, 93552, 65694, 29574, 51355, 67361, 16287, 81508, 87619, 99068, 51267, 11822, 97494, 97350, 55460, 85984, 82043, 52873, 13911, 49984, 9274, 27187, 18735, 86505, 93039, 75999, 32324, 84255, 81759, 37291, 53818, 30297, 31569, 38927, 10652, 98119, 48176, 34929, 69735, 20753, 84642, 42333, 61587, 77998, 97625, 23781, 66723, 31016, 47394, 95335, 5252, 65908, 16889, 42912, 99898, 26385, 22616, 50605, 90283, 26273, 48521, 34058, 75648, 19482, 15054, 75754, 5187, 17656, 96343, 36665, 85269, 31525, 61798, 12253, 25710, 79937, 7271, 85861, 91467, 72217, 31080, 76878, 84584, 12492, 57106, 96245, 6791, 90728, 5151, 82969, 42635, 99337, 95192, 69200, 49459, 29055, 64324, 5705, 84816, 23714, 74116, 19948, 44213, 19454, 7190, 47657, 44399, 6481, 5807, 83137, 9580, 37385, 33706, 35204, 50438, 48878, 42682, 27416, 64424, 64364, 5481, 26227, 26586, 86286, 24452, 26832, 29795, 46224)
Average QPS expected = 49274
Timestamp start: 1714497973367
Timestamp end: 1714498775911

#type       avg     std     min      p5     p10     p50     p67     p75     p80     p85     p90     p95     p99    p999   p9999      QPS   target
read      433.1   711.6   173.5   239.9   259.6   390.6   437.6   462.3   479.6   500.0   527.4   573.3  1044.8  9589.3 36215.6   7347.8     7434
read      399.9   284.8   160.7   218.6   232.2   339.9   409.8   456.5   493.2   537.8   594.2   704.1  1425.4  2876.3  9439.4  67076.4    67201
read      417.9   567.9   160.7   217.2   231.3   341.9   400.2   435.7   465.5   504.9   563.3   685.5  1791.8  5972.6 29723.6  85754.8    85927
read      402.7   401.7   160.7   216.0   229.3   331.5   397.5   443.3   482.0   530.3   589.8   693.0  1527.5  4915.3 10334.4  63801.6    63953
read      519.6   786.5   160.7   221.7   238.3   416.9   525.4   590.6   647.9   719.3   803.4   950.2  1952.8 10426.2 31846.5  31564.2    31595
read      496.6   617.0   160.7   221.5   238.3   377.6   439.8   477.6   510.5   564.4   678.8  1543.5  2055.5  7093.7 24663.1  87625.6    87879
read      419.0   579.6   173.5   236.0   255.9   382.3   427.8   452.0   468.0   489.2   513.8   559.3  1190.3  7795.8 30769.5   7283.4     7287
read      403.7   305.6   160.7   216.1   229.7   335.6   404.0   454.2   496.1   547.2   613.4   745.2  1506.6  3007.7  9556.7  62335.8    62295
read      440.4   745.1   173.5   236.1   257.0   375.7   422.5   447.1   464.4   486.2   513.3   586.1  1940.1  7618.1 34747.1   6582.8     6561
read      496.4   909.5   160.7   223.2   239.7   415.9   508.3   561.3   604.1   666.4   745.8   873.7  1976.9  6387.8 31678.9  22315.8    22532
read      400.6   273.8   160.7   215.0   228.7   335.2   405.4   457.0   498.6   548.1   611.7   739.4  1421.9  2588.1  7976.3  60642.0    60653
read      390.9   374.0   160.7   215.2   228.4   330.9   397.5   444.3   482.2   528.3   583.4   666.7  1241.0  5372.5 12411.3  58986.0    59076
read      389.8   316.1   160.7   214.9   228.3   330.8   398.9   446.2   485.0   532.6   588.8   677.6  1259.7  3151.5  9869.3  60082.4    60154
read      477.9   522.9   160.7   220.7   236.7   411.4   503.6   551.2   588.1   641.1   716.3   839.3  1941.5  5356.7 21768.4  22895.4    22964
read      452.7   742.2   173.5   232.9   252.2   395.1   451.6   480.2   500.1   523.1   549.3   602.7  1877.9  9539.8 36488.9   8180.6     8172
read      488.9   573.1   160.7   221.7   237.9   416.4   519.3   578.3   627.7   693.8   776.9   901.5  1437.8  6243.8 27539.3  27670.2    27652
read      427.6   521.5   160.7   217.8   231.5   350.3   452.7   509.1   545.7   584.7   635.3   746.5  1275.2  6022.7 21627.9  37714.8    37594
read      475.2   517.0   160.7   225.6   242.4   409.0   503.7   551.1   588.8   642.7   727.4   866.3  1599.6  5376.2 29184.5  24343.0    24367
read      408.6   258.0   160.7   220.1   234.2   352.3   454.2   505.8   538.2   572.8   615.2   691.5  1052.3  2606.9  8042.7  33839.8    33771
read      372.4   184.9   160.7   218.0   231.3   337.6   399.8   436.5   465.1   499.5   544.2   620.3   854.6  1944.3  5488.0  85004.4    84944
read      370.4   234.6   160.7   218.3   231.5   337.0   399.1   434.6   461.9   495.4   539.6   610.6   799.2  1748.1  9195.5  85668.4    85666
read      383.2   197.6   160.7   219.3   232.7   343.3   416.6   463.7   499.2   539.4   585.2   645.7   791.7  1684.6  7736.1  52011.2    51918
read      395.7   258.2   160.7   219.9   233.8   345.2   441.9   494.3   527.2   561.2   598.7   656.1   836.2  2401.6  9687.0  34433.8    34406
read      473.5   581.3   160.7   222.9   238.9   390.9   493.8   544.6   582.7   634.4   727.7   886.7  1633.5  7302.2 29302.7  28554.8    28664
read      397.5   229.5   160.7   220.2   234.7   346.5   440.4   495.4   530.5   566.6   606.9   667.0   901.6  2030.6  9475.4  38206.6    38289
read      470.9   475.7   160.7   223.6   241.9   419.2   511.1   563.1   599.8   644.3   700.1   789.1  1262.3  5325.6 23307.9  20675.8    20658
read      468.5   611.4   173.5   229.2   247.8   415.6   500.5   544.5   574.5   608.2   650.2   717.4  1454.8  6723.9 35978.1  13936.6    13840
read      424.2   432.2   160.7   221.5   237.4   359.6   420.5   457.8   488.0   528.8   590.3   737.4  1757.6  4250.6 12415.3  93603.4    93419
read      398.9   311.2   160.7   221.3   237.2   354.4   415.1   451.3   478.7   514.3   567.0   664.5  1305.8  3512.4 10165.1  98164.0    98284
read      393.0   302.9   160.7   218.6   231.9   338.0   400.9   440.4   473.0   516.5   575.6   675.0  1462.4  2682.4  9102.2  71338.6    71313
read      397.9   285.9   160.7   219.2   232.5   340.1   424.2   479.9   519.6   562.2   610.9   680.5  1077.0  2582.7 10102.6  41942.4    42089
read      392.9   267.0   160.7   217.7   230.8   337.2   414.8   469.2   510.0   554.8   605.6   677.7  1119.5  2176.1  9681.6  46552.4    46458
read      421.5   382.7   160.7   222.5   237.4   358.5   464.2   515.5   547.8   584.3   628.9   708.1  1166.0  4095.3 12727.7  30752.4    30755
read      395.0   270.5   160.7   217.6   230.9   338.4   419.8   475.1   515.3   559.0   607.8   677.0  1073.5  2789.1  8254.3  42939.0    42889
read      387.7   330.6   160.7   219.5   233.7   344.2   402.6   437.5   464.8   499.4   546.5   631.5  1195.5  3731.2  9294.4  93523.0    93552
read      394.9   346.1   160.7   219.0   232.3   340.4   406.7   450.7   485.7   530.4   588.2   682.9  1295.6  2696.3 12134.9  65590.6    65694
read      448.5   336.0   160.7   222.1   237.3   378.1   489.2   541.7   578.2   622.9   691.1   852.8  1400.7  4362.6 12415.5  29503.8    29574
read      398.7   244.5   160.7   218.7   232.0   343.1   417.6   468.7   508.5   556.0   612.9   696.5  1241.8  2467.5  7736.8  51347.6    51355
read      397.0   347.5   160.7   219.5   233.5   339.0   402.7   444.9   479.2   525.5   585.0   680.9  1481.3  2894.0 13295.6  67384.6    67361
read      527.9  1075.4   173.5   233.6   253.7   429.7   518.3   568.6   604.0   645.2   696.4   781.2  2117.8 13261.8 36881.0  16261.6    16287
read      421.8   383.0   160.7   220.6   235.4   350.4   414.6   453.8   485.2   527.9   591.1   755.0  1748.0  3494.0 11343.7  81557.4    81508
read      404.3   368.0   160.7   220.8   236.1   349.6   411.4   448.1   475.8   512.2   566.7   675.0  1605.4  3293.1 14329.6  87586.6    87619
read      399.7   311.3   160.7   221.2   236.8   351.1   410.2   446.0   472.6   508.4   560.0   659.2  1590.4  2813.8  9407.2  99363.4    99068
read      392.9   322.2   160.7   218.4   231.6   338.5   411.8   461.7   500.5   545.1   596.1   671.8  1088.6  2728.9 10430.7  51232.8    51267
read      717.8  2142.8   173.5   232.4   251.1   416.7   497.5   541.5   572.6   608.5   657.2   782.5 11080.8 31395.3 47825.7  11961.4    11822
read      439.5   462.7   160.7   225.6   243.7   375.4   440.0   480.1   512.1   555.0   622.4   772.3  1712.9  3890.5 15974.6  97322.8    97494
read      393.9   336.4   160.7   219.9   234.7   347.0   404.5   437.9   464.1   497.5   545.3   638.2  1540.8  3412.1 10743.2  97310.8    97350
read      389.7   261.6   148.8   218.5   231.7   337.5   406.1   454.3   492.3   537.8   591.6   669.8  1110.6  2834.5  8317.6  55451.8    55460
read      384.3   259.2   160.7   218.3   231.6   338.2   396.7   431.4   459.0   493.8   542.4   630.6  1477.3  3131.9  6631.1  86026.8    85984
read      373.1   208.6   160.7   217.1   230.6   337.3   399.8   436.6   465.5   500.7   546.1   622.0   859.5  1851.0  6922.7  82214.0    82043
read      400.8   326.9   148.8   219.8   233.7   345.2   422.8   471.1   507.9   549.5   597.4   674.0  1117.8  3327.5 12139.4  52839.4    52873
read      638.1  1749.1   160.7   228.4   247.0   418.8   506.5   556.5   590.3   629.8   680.1   780.6  8598.0 31226.6 37767.9  13955.2    13911
read      403.9   312.2   160.7   218.0   231.1   339.8   415.8   469.6   512.0   560.1   616.8   707.1  1353.2  3694.6  7808.1  50080.4    49984
read      609.6  1639.7   173.5   234.3   252.8   408.1   473.8   508.1   533.7   563.6   605.8   733.0  7059.9 30630.4 37717.5   9245.8     9274
read      516.1   771.6   160.7   223.8   240.2   406.6   511.4   567.1   612.7   681.5   788.2   954.7  2373.9 10502.3 30259.8  27158.8    27187
read      635.6  1612.6   160.7   226.5   245.6   431.9   531.1   593.4   639.4   690.9   751.1   866.7  7210.0 30568.3 37153.1  18688.6    18735
read      397.8   290.9   160.7   219.1   233.0   344.0   406.2   444.6   473.4   512.0   567.7   674.2  1631.2  2660.1  7794.9  86269.6    86505
read      377.5   222.5   160.7   218.2   231.9   339.3   398.2   433.3   461.0   495.6   542.9   628.5  1009.9  2466.9  7583.4  93060.8    93039
read      387.3   254.1   160.7   218.7   232.0   338.4   401.1   440.4   470.7   510.4   565.6   658.7  1356.9  2603.3  7983.4  76202.0    75999
read      443.1   490.3   160.7   220.9   236.0   363.8   473.4   526.9   560.8   598.5   653.1   793.1  1416.4  5726.9 16071.1  32330.4    32324
read      426.2   527.8   160.7   218.0   231.9   344.5   407.7   446.5   477.2   519.7   582.8   739.4  1882.4  5062.6 27656.9  84220.2    84255
read      367.5   319.5   160.7   212.7   225.9   321.0   376.9   411.4   439.1   475.9   528.1   607.2  1179.4  3534.6  8416.4  81741.8    81759
read      395.6   484.3   160.7   213.0   226.1   322.2   418.3   479.6   516.5   553.0   591.4   641.6   947.5  5864.9 25538.2  37173.8    37291
read      371.4   306.9   148.8   212.6   225.8   320.5   386.4   434.4   472.9   517.8   567.1   628.3   855.2  2816.8  9401.3  53870.0    53818
read      467.3   642.6   160.7   218.4   232.0   365.4   478.7   531.2   566.3   608.9   682.6   898.1  1921.2  7117.8 31240.5  30247.6    30297
read      489.8   662.2   160.7   221.0   235.9   373.9   487.7   543.2   583.5   637.2   746.9   969.8  2442.6  6447.5 30499.6  31530.2    31569
read      386.6   389.5   160.7   213.0   226.2   321.1   411.4   470.7   507.8   545.0   585.0   638.6   929.8  4483.9 12769.5  39058.8    38927
read      594.8  1697.9   173.5   229.2   247.7   411.5   482.9   522.2   548.2   578.3   617.5   691.1  6625.3 31656.4 49806.9  10609.6    10652
read      415.4   391.8   160.7   218.8   233.1   347.8   408.4   446.1   475.5   516.0   576.5   705.0  1762.3  4112.2 11533.2  97730.4    98119
read      381.9   438.7   160.7   213.4   226.6   320.4   391.8   447.9   489.5   533.0   579.6   637.4   886.9  5036.8 26317.0  48070.4    48176
read      412.1   494.6   160.7   214.5   227.8   332.4   434.7   490.9   526.1   562.4   604.0   680.2  1270.9  5802.6 27340.1  35053.8    34929
read      381.1   444.9   160.7   214.3   227.4   324.7   385.3   424.7   456.4   496.9   547.8   623.1  1028.4  6466.2 13712.9  69657.4    69735
read      576.1  1172.0   173.5   226.5   245.0   429.2   525.5   589.6   640.3   696.5   762.3   872.7  4788.4 12956.5 36748.3  20682.0    20753
read      386.4   381.6   160.7   214.2   227.8   329.1   386.9   422.0   450.1   486.8   538.3   629.3  1641.6  4316.0 10876.6  84794.4    84642
read      379.2   293.9   160.7   213.0   226.3   321.0   400.7   459.4   498.7   538.9   581.8   636.6   942.7  3404.5  9423.1  42401.8    42333
read      375.4   405.8   160.7   213.2   226.5   323.6   386.7   428.9   463.4   505.6   557.6   626.2   917.8  4187.4 20541.2  61667.4    61587
read      373.1   341.5   160.7   212.4   225.8   321.7   379.3   415.1   444.4   483.1   536.1   618.5  1412.7  3522.4 12064.6  77794.8    77998
read      386.5   456.1   160.7   218.3   232.2   337.8   393.3   426.4   452.3   484.4   529.5   607.8  1397.0  5522.9 20582.3  97578.0    97625
read      539.8  1061.1   160.7   222.2   238.1   406.7   500.2   550.0   590.0   657.8   760.7   942.7  3638.0 15742.0 38338.6  23879.0    23781
read      375.1   382.8   160.7   212.5   225.8   322.6   384.1   424.2   457.5   499.8   552.8   626.9  1032.6  4520.6 12095.0  66863.6    66723
read      484.4   653.4   160.7   219.6   233.7   373.3   483.7   537.3   575.7   628.2   738.9   964.8  2228.4  7687.0 30280.7  30900.0    31016
read      389.3   469.3   160.7   213.7   227.1   325.1   399.1   453.4   493.0   535.7   582.9   643.3   976.1  5773.1 27962.4  47369.4    47394
read      368.5   318.0   160.7   212.8   226.3   324.9   377.9   408.3   432.4   463.8   506.8   583.6  1429.9  3396.3  9090.4  95196.4    95335
read      683.4  2306.8   173.5   242.3   264.8   366.8   407.3   430.8   448.9   469.5   503.2   696.0  8463.1 32439.8 52111.9   5273.4     5252
read      393.6   414.0   160.7   214.5   227.8   328.4   391.2   433.7   470.1   516.9   575.5   670.6  1519.5  5145.6 12500.0  65476.6    65908
read      578.6  1353.3   160.7   224.6   243.7   422.8   514.3   571.4   613.0   658.8   714.2   805.0  5889.9 25715.0 37173.3  16886.8    16889
read      395.6   384.8   160.7   213.7   227.2   325.9   409.1   468.2   507.9   549.4   595.0   670.7  1188.4  5244.2 11911.4  42908.8    42912
read      365.4   350.9   148.8   213.8   227.6   325.8   378.2   408.1   431.5   461.4   502.6   574.6  1093.9  3831.6 10023.2  99917.4    99898
read      509.5   810.4   160.7   220.5   235.6   402.1   503.2   556.0   596.6   663.4   769.5   938.5  2741.1  6744.7 31898.7  26386.4    26385
read      506.9   717.2   160.7   223.6   239.9   412.4   506.8   556.4   596.9   659.8   752.7   925.8  2442.9  6203.9 32145.2  22517.2    22616
read      391.6   378.1   160.7   214.6   227.9   326.7   398.6   451.1   491.5   537.5   588.4   665.9  1292.5  4145.2 13309.1  50477.4    50605
read      371.8   370.1   160.7   213.4   226.9   325.8   380.8   412.8   437.1   469.0   514.9   590.2  1351.9  4187.4 12184.8  90338.4    90283
read      523.9   851.6   160.7   222.2   237.7   400.9   501.9   554.7   597.1   671.7   787.4   980.4  3332.4  7535.1 32349.0  26218.0    26273
read      387.5   395.8   160.7   214.2   227.5   326.9   401.1   454.9   494.2   536.9   583.9   643.0   927.6  5989.0 10345.0  48653.8    48521
read      430.5   624.6   160.7   214.4   228.1   337.4   443.2   498.0   532.3   569.1   615.2   730.8  1452.7  7874.6 30544.7  34076.6    34058
read      380.8   466.6   160.7   214.9   228.2   326.9   386.8   423.8   453.4   491.2   540.8   614.3  1045.6  5775.1 19187.0  75448.2    75648
read      585.9  1315.3   160.7   227.2   245.6   427.6   523.8   585.8   636.0   691.7   755.5   876.2  4976.8 24512.1 39194.2  19513.0    19482
read      612.9  1532.2   173.5   226.7   245.5   428.4   521.7   576.0   613.1   653.7   704.6   802.7  6415.1 28766.2 37686.4  15023.2    15054
read      417.2   508.1   160.7   215.4   228.9   336.8   400.1   438.5   470.1   512.0   572.8   694.2  1761.0  6209.4 15924.0  75469.6    75754
read      606.2  1928.9   173.5   240.0   262.3   364.1   403.3   426.3   442.3   462.3   492.7   581.8  6904.1 31570.1 36891.3   5205.8     5187
read      616.4  1521.1   173.5   227.5   247.3   432.4   527.7   590.5   633.9   681.1   736.0   834.6  6637.6 29959.7 38589.9  17692.4    17656
read      412.6   434.5   160.7   218.6   233.0   345.6   405.6   441.2   469.3   507.2   565.2   706.9  1731.9  4560.8 13397.7  96268.8    96343
read      388.2   360.4   160.7   215.1   228.3   325.9   418.2   474.5   509.4   544.4   582.9   635.0   890.8  4476.1 13766.9  36814.4    36665
read      376.1   376.8   160.7   214.6   228.0   327.4   385.2   419.0   445.7   479.8   528.0   608.1  1274.5  4259.1 10727.0  85195.4    85269
read      487.9   722.3   160.7   219.4   233.6   373.6   486.4   541.9   581.6   635.4   746.9   954.9  2146.8  7598.3 31343.5  31603.0    31525
read      387.9   352.5   160.7   215.1   228.6   329.4   395.6   441.0   478.2   525.1   581.5   664.1  1256.5  4075.9  9895.8  61643.8    61798
read      606.0  1670.7   173.5   228.5   247.7   417.8   499.3   542.7   572.7   606.2   647.0   731.1  6775.9 30599.3 48448.9  12273.4    12253
read      523.7   839.5   160.7   221.6   237.4   406.3   507.1   559.3   602.9   677.7   785.0   960.9  2920.9 10487.3 32352.1  25858.0    25710
read      413.6   505.4   160.7   214.9   228.7   335.3   396.6   432.6   462.0   500.8   557.5   686.9  1800.6  5537.5 19039.8  79672.0    79937
read      592.9  1707.4   173.5   232.2   252.7   390.8   442.9   470.1   490.8   513.0   544.5   623.4  6784.2 30570.0 37726.7   7342.4     7271
read      421.0   511.8   160.7   217.0   230.9   342.7   403.3   439.7   469.1   508.4   569.3   719.7  1808.8  4963.7 17241.3  85523.6    85861
read      371.0   348.7   160.7   214.8   228.3   328.9   384.9   417.6   442.4   473.4   518.2   589.8   973.6  4203.2 10633.5  91361.2    91467
read      373.8   407.6   160.7   213.1   226.4   323.7   382.3   419.1   448.9   487.9   539.0   614.2  1018.7  4819.7 12288.5  72360.4    72217
read      473.8   575.5   160.7   220.0   234.6   371.3   482.7   536.3   574.3   623.8   723.2   942.8  1983.1  6503.3 29507.0  31090.2    31080
read      371.0   280.9   160.7   213.1   226.4   323.2   382.0   418.4   448.1   486.3   538.1   617.2  1229.8  3387.9  9569.3  77001.8    76878
read      378.4   383.0   160.7   215.2   228.7   331.3   390.3   425.2   452.6   487.6   536.5   618.6  1225.9  3818.0  9860.9  84390.6    84584
read      610.6  1579.3   173.5   229.8   248.4   415.7   498.6   542.7   573.9   609.6   656.4   759.0  6742.3 30398.3 37870.0  12424.2    12492
read      382.9   347.1   160.7   213.7   227.0   325.8   392.0   439.6   479.4   526.2   579.6   652.3  1159.5  3705.8  9577.0  57120.2    57106
read      375.4   379.8   160.7   215.7   229.4   332.6   388.0   419.5   443.4   473.2   515.9   589.7  1280.7  4044.6 12996.1  96291.4    96245
read      634.8  2081.1   173.5   236.3   257.1   379.4   428.7   455.3   472.8   496.7   528.6   594.1  7783.6 32291.1 37887.2   6767.6     6791
read      393.8   430.9   160.7   215.3   228.8   332.9   391.3   425.3   452.0   486.4   536.2   629.7  1690.9  4922.1 11364.1  90716.0    90728
read      592.4  1812.5   173.5   241.8   265.9   367.4   405.6   428.1   444.5   464.7   495.5   583.1  7347.6 31064.7 35719.1   5156.0     5151
read      421.7   582.9   160.7   216.6   230.4   340.3   402.8   440.4   469.9   509.4   569.8   701.5  1790.1  7235.5 28830.7  82726.4    82969
read      380.4   310.4   160.7   213.6   227.0   324.9   403.5   461.5   500.7   541.7   585.3   641.8   865.9  2528.8  9997.7  42706.0    42635
read      377.5   348.1   160.7   215.6   229.4   333.4   389.3   421.6   446.1   476.4   520.1   594.2  1398.8  4362.5 10149.1  99284.6    99337
read      375.1   388.5   160.7   215.2   228.8   329.7   385.3   417.3   441.6   472.6   517.9   594.9  1219.1  4923.0 11140.9  94930.6    95192
read      378.1   415.4   160.7   214.0   227.4   325.1   386.3   425.0   456.3   496.7   548.4   623.0  1025.7  5038.8 22298.8  69261.8    69200
read      384.0   368.4   160.7   213.6   227.1   327.5   398.6   450.2   489.4   532.9   581.3   642.9   953.4  4721.1 10182.4  49627.0    49459
read      498.5   827.4   160.7   220.6   235.1   379.8   488.7   540.8   577.9   629.9   736.6   941.8  2401.1  8209.4 32051.7  28984.2    29055
read      381.3   376.0   160.7   214.2   227.6   326.2   388.2   429.8   464.5   508.4   564.9   639.9  1186.1  3982.7 11059.8  64359.4    64324
read      614.0  1946.4   173.5   239.4   261.4   372.9   415.4   437.7   455.9   475.5   505.7   591.2  7332.4 31539.3 37432.7   5734.8     5705
read      404.1   402.4   160.7   214.5   228.2   334.3   395.3   432.1   461.9   500.8   558.4   682.9  1735.1  4759.1 12030.6  84654.8    84816
read      515.4   770.0   160.7   222.0   237.8   405.5   498.8   547.7   587.7   652.8   751.5   929.9  3251.7  7829.0 31161.5  23755.8    23714
read      405.5   350.0   160.7   215.5   229.3   340.3   403.6   443.0   473.8   514.4   569.5   671.6  1736.3  3156.6  8789.9  74009.2    74116
read      540.4   975.9   173.5   226.6   245.3   423.6   513.2   570.3   616.4   673.6   741.4   867.5  3755.4 10869.4 36140.6  19892.2    19948
read      387.2   277.8   160.7   215.3   229.0   337.4   420.2   472.7   509.8   548.5   591.4   657.2   911.6  1882.1  8128.2  44326.2    44213
read      460.0   312.8   160.7   225.8   244.1   427.1   515.4   569.0   610.0   656.2   708.0   777.9   928.1  2674.2 10067.7  19415.6    19454
read      410.4   399.1   173.5   240.0   259.7   386.4   436.8   463.0   480.9   500.9   526.4   562.9   678.3  5844.3 14402.6   7187.2     7190
read      376.9   221.6   160.7   215.1   228.7   333.1   406.8   457.9   494.6   534.4   578.0   635.0   805.2  1541.6  7574.7  47362.6    47657
read      370.5   191.8   160.7   213.0   226.5   327.4   402.0   456.0   493.1   531.8   573.5   626.9   734.4  1471.1  7289.6  44650.6    44399
read      431.1   462.2   173.5   246.7   268.8   395.5   451.4   481.9   503.2   528.4   557.9   604.2   807.4  6056.5 21101.7   6521.8     6481
read      412.5   502.7   173.5   248.9   270.5   366.2   400.8   423.5   440.0   464.4   499.7   557.1  1073.6  9589.0 15133.6   5772.4     5807
read      350.5   255.3   160.7   212.4   225.7   319.8   377.2   411.0   436.5   468.5   509.2   568.5   674.8  1145.6 16718.0  82780.2    83137
read      394.2   477.9   173.5   238.5   256.3   376.9   415.0   433.0   445.9   459.8   475.4   503.3   591.3  7876.2 19582.2   9610.6     9580
read      378.3   237.5   160.7   216.7   230.0   335.3   425.5   479.4   511.1   541.9   574.7   617.2   692.6  1255.6 10092.8  37375.2    37385
read      374.8   261.9   160.7   212.9   226.4   328.2   425.9   478.7   509.2   537.6   568.3   606.4   682.5  2415.9  9217.6  33569.2    33706
read      377.0   242.9   160.7   214.9   228.3   330.0   426.0   481.0   512.7   543.3   575.3   616.7   692.6  1852.5 10053.1  35158.2    35204
read      362.1   224.7   160.7   213.2   226.7   324.7   392.1   439.7   475.9   514.9   554.7   600.2   680.0   879.5  8267.5  50423.6    50438
read      363.8   202.5   160.7   212.7   226.3   324.3   394.7   445.8   483.1   522.0   562.0   608.3   688.8  1076.4  5952.6  48944.2    48878
read      370.2   227.3   148.8   213.3   226.9   326.0   405.1   461.6   498.1   533.8   570.2   614.7   689.7  1592.6  9553.8  42729.0    42682
read      386.1   252.4   160.7   216.7   230.1   344.9   449.5   492.3   517.4   541.7   569.1   603.2   685.5  2496.8 10330.9  27430.2    27416
read      355.0   181.9   160.7   212.0   225.5   322.2   383.1   422.9   454.4   492.4   536.6   589.0   678.8  1190.6  7063.0  64477.6    64424
read      357.0   175.4   160.7   213.8   227.3   323.0   385.4   426.2   458.6   497.2   541.9   593.7   682.1  1017.0  6906.2  64277.8    64364
read      381.6   450.2   187.4   249.0   269.6   357.5   384.6   397.8   407.1   422.0   436.8   467.2   629.7  5635.4 23224.5   5540.0     5481
read      387.7   265.0   160.7   217.9   231.4   350.2   451.0   490.7   514.3   538.2   565.4   598.0   682.9  2555.8 10034.2  26034.0    26227
read      386.5   284.9   160.7   218.5   231.6   346.5   447.1   487.9   512.1   535.4   561.6   593.2   675.1  2534.6 10239.1  26583.4    26586
read      345.3   151.0   160.7   212.9   226.3   319.7   373.8   405.6   430.4   460.7   499.7   555.8   661.9  1087.8  5629.6  86266.4    86286
read      394.9   337.0   160.7   219.9   233.8   358.9   459.8   498.8   521.9   544.4   571.8   607.8   686.8  2653.1 12839.3  24319.8    24452
read      392.8   300.6   160.7   220.2   234.4   352.1   453.5   495.4   520.1   544.4   573.0   611.5   690.3  2523.7 13108.7  26879.8    26832
read      386.8   353.7   160.7   219.2   232.9   344.3   440.8   486.4   512.8   539.1   568.9   607.5   686.2  2454.0 17019.6  29697.2    29795
read      371.3   194.9   160.7   213.0   226.5   331.0   406.9   458.2   494.1   531.8   570.8   618.8   709.9  1678.2  7891.7  18462.8    46224

Total QPS = 49261.0 (39507336 / 802.0s)

Total connections = 64
Misses = 0 (0.0%)
Skipped TXs = 0 (0.0%)

RX 9758311498 bytes :   11.6 MB/s
TX          0 bytes :    0.0 MB/s
Warning! Detected max cpu usage > 95%
CPU Usage Stats (avg/min/max): 99.97%,49.25%,100.00%

