Random waveform, supplied seed
Total number of intervals = 81 (7434, 67201, 85927, 63953, 31595, 87879, 7287, 62295, 6561, 22532, 60653, 59076, 60154, 22964, 8172, 27652, 37594, 24367, 33771, 84944, 85666, 51918, 34406, 28664, 38289, 20658, 13840, 93419, 98284, 71313, 42089, 46458, 30755, 42889, 93552, 65694, 29574, 51355, 67361, 16287, 81508, 87619, 99068, 51267, 11822, 97494, 97350, 55460, 85984, 82043, 52873, 13911, 49984, 9274, 27187, 18735, 86505, 93039, 75999, 32324, 84255, 81759, 37291, 53818, 30297, 31569, 38927, 10652, 98119, 48176, 34929, 69735, 20753, 84642, 42333, 61587, 77998, 97625, 23781, 66723, 31016)
Average QPS expected = 52097
Timestamp start: 1714499983728
Timestamp end: 1714500786223

#type       avg     std     min      p5     p10     p50     p67     p75     p80     p85     p90     p95     p99    p999   p9999      QPS   target
read      406.6   528.1   173.5   243.0   263.0   377.4   413.3   431.3   444.8   460.5   480.5   516.6   804.6  7612.6 24281.5   7411.4     7434
read      422.4   405.5   160.7   220.9   236.6   358.3   431.0   476.5   511.9   556.4   617.4   738.8  1556.8  4249.9 12643.5  67255.7    67201
read      441.0   436.7   160.7   221.9   238.7   365.9   432.2   472.7   506.4   550.3   621.8   838.8  1810.7  4339.7 13458.1  85928.4    85927
read      417.0   368.0   160.7   219.4   233.7   350.2   423.6   470.7   509.0   556.3   618.8   742.1  1554.3  3515.5 10203.2  63918.6    63953
read      423.9   388.7   160.7   221.3   236.2   357.2   467.6   520.0   553.0   588.3   632.6   719.5  1174.4  4224.2 13040.3  31638.6    31595
read      430.3   381.0   160.7   222.5   239.4   362.5   426.9   466.0   498.2   539.9   602.0   762.4  1750.4  4502.1 10021.1  87742.7    87879
read      422.8   600.1   173.5   234.8   255.1   385.4   434.8   460.4   477.7   498.0   523.9   566.3  1263.1  5942.9 29874.6   7323.3     7287
read      415.9   354.2   160.7   219.5   233.8   349.8   424.3   472.1   511.6   559.7   621.0   740.2  1509.3  3391.4 11064.7  62103.6    62295
read      422.6   662.8   173.5   236.6   257.4   376.5   421.6   445.2   461.5   480.6   504.8   547.4  1504.3  8388.9 32199.2   6539.7     6561
read      472.1   373.4   160.7   223.9   241.5   422.0   518.3   579.1   627.1   681.3   741.8   826.4  1089.2  5114.4 13039.0  22642.4    22532
read      396.7   233.5   160.7   221.5   236.9   357.8   434.3   478.8   511.3   549.4   595.3   669.4   881.1  1872.6  7613.6  60689.6    60653
read      393.7   213.0   160.7   221.5   236.8   357.2   431.4   474.9   507.7   546.2   591.2   658.0   844.5  1690.4  7678.2  59056.2    59076
read      395.1   228.8   160.7   221.2   236.4   354.5   430.8   476.0   510.0   549.1   595.4   667.5   864.7  1796.0  9597.7  60063.7    60154
read      473.3   490.2   160.7   226.4   245.0   416.0   510.4   563.8   603.3   651.7   714.4   816.1  1228.7  6007.3 23973.9  22929.3    22964
read      778.6  2484.0   173.5   234.5   254.5   405.7   466.2   497.6   520.2   546.5   586.6   841.2 12418.1 32235.7 46398.8   8141.3     8172
read      501.5   776.1   160.7   223.8   240.1   394.7   500.1   552.8   590.8   640.2   730.3   919.5  2228.9 10648.5 30845.8  27630.0    27652
read      407.1   278.3   160.7   220.8   235.5   350.0   444.7   500.8   537.8   577.1   621.8   685.0  1035.0  2647.8  9800.1  37541.3    37594
read      513.6   699.7   160.7   225.2   242.4   416.2   518.8   573.1   616.2   676.9   769.7   927.4  2418.5  9706.6 30705.5  24363.2    24367
read      411.9   314.0   160.7   220.8   235.2   352.0   454.7   508.7   543.2   579.7   622.3   686.1  1071.4  3514.2 10937.0  33664.5    33771
read      407.4   370.8   160.7   221.9   237.8   359.4   425.7   464.4   495.0   532.9   584.7   677.3  1324.1  3838.3 13363.4  84973.0    84944
read      404.2   309.8   160.7   221.7   237.6   359.8   426.0   464.5   494.4   531.4   582.5   674.3  1246.9  3294.2  9140.0  85529.4    85666
read      407.3   244.0   160.7   221.2   236.4   357.1   434.6   484.8   523.4   568.9   623.3   703.6  1122.0  2485.9  7922.3  51956.2    51918
read      409.6   321.7   160.7   220.8   235.4   351.1   451.4   506.2   541.3   578.3   621.2   683.2  1006.2  3653.1 10553.3  34437.0    34406
read      478.8   656.4   160.7   223.4   239.2   385.5   493.9   546.4   583.0   628.7   704.5   885.3  1727.8  7871.6 31055.3  28584.7    28664
read      413.0   361.3   160.7   220.4   235.3   355.7   452.1   507.3   543.2   581.2   625.5   690.2  1034.1  3453.4 10716.3  38351.8    38289
read      596.1  1392.6   173.5   226.7   245.3   426.9   525.2   588.7   640.6   699.8   768.5   888.3  4921.7 24783.2 38531.8  20683.0    20658
read      747.5  2216.4   173.5   228.8   248.4   419.4   513.0   565.5   600.4   639.6   696.4   949.3 10243.1 31958.7 44376.4  13819.9    13840
read      411.7   370.9   160.7   222.6   239.4   364.1   427.5   464.8   494.5   531.9   584.2   678.9  1433.5  4664.2 12790.5  93596.8    93419
read      380.5   222.2   160.7   220.2   236.0   351.1   410.8   445.5   470.7   503.4   545.6   619.7   818.0  2097.6  6661.4  98450.4    98284
read      390.3   307.3   160.7   219.4   233.6   348.3   418.6   459.9   491.3   529.5   578.4   654.0   959.3  2215.4  9022.7  71388.8    71313
read      402.5   311.4   148.8   219.1   233.3   352.3   442.2   494.6   529.2   565.2   605.7   668.7   924.1  2975.3 10798.7  42035.6    42089
read      399.4   431.2   160.7   215.9   229.8   337.6   418.1   472.1   510.9   552.1   598.1   664.5  1073.3  5254.4 14073.4  46442.8    46458
read      474.4   679.0   160.7   219.6   234.0   371.1   485.5   538.5   574.9   620.9   702.4   892.9  1926.8  7567.8 30952.5  30743.0    30755
read      401.4   458.3   160.7   215.8   229.3   335.4   421.8   479.0   517.5   557.5   600.8   661.4  1013.6  5996.2 16467.8  42848.2    42889
read      390.1   365.3   160.7   217.5   231.9   342.9   402.2   436.7   464.2   498.2   544.5   628.1  1450.6  3988.0 12542.1  93579.6    93552
read      386.8   381.0   160.7   216.0   229.8   335.3   401.1   444.0   477.4   519.0   570.3   639.4  1027.2  4626.0 11864.8  65809.1    65694
read      490.0   731.9   160.7   220.3   235.3   380.5   492.6   544.8   582.1   630.9   727.0   919.9  2369.6  7604.7 31478.7  29585.0    29574
read      389.8   322.6   160.7   217.0   230.7   336.9   411.9   462.7   500.8   543.2   591.0   655.8   944.0  3997.4 10315.4  51402.8    51355
read      392.1   405.4   160.7   216.3   230.0   338.6   405.9   449.1   482.2   523.7   575.6   650.6  1072.4  5221.9 14431.7  67270.1    67361
read      606.5  1523.4   173.5   226.6   245.8   420.1   514.1   572.7   613.3   657.5   710.8   803.2  7024.6 29639.3 38787.3  16195.7    16287
read      403.0   457.1   160.7   216.8   231.0   343.0   406.9   445.1   473.5   510.5   562.6   650.9  1635.4  5465.5 13910.0  81398.9    81508
read      388.5   429.1   160.7   216.1   230.3   340.2   401.1   436.6   464.1   498.2   543.5   620.0  1082.0  5273.9 14997.6  87664.6    87619
read      386.5   365.2   148.8   217.5   232.1   344.0   401.0   434.3   460.5   493.1   537.8   615.8  1212.4  4471.6 10883.0  99101.0    99068
read      393.7   433.6   160.7   215.4   229.1   335.9   409.8   460.5   498.7   541.2   589.1   653.3   908.1  5883.6 18706.1  51351.8    51267
read      620.2  1726.3   173.5   229.8   249.0   414.9   495.3   538.5   568.2   601.3   644.2   731.5  7422.9 31080.0 37993.0  11813.2    11822
read      415.7   434.4   160.7   220.6   236.8   358.4   419.5   456.7   485.9   523.5   576.7   678.3  1658.4  4796.6 13908.8  97301.6    97494
read      393.0   452.5   160.7   218.8   233.6   347.4   405.7   440.2   466.5   499.9   544.8   625.8  1080.7  5296.0 19877.3  97407.4    97350
read      391.4   434.7   160.7   215.5   229.3   336.0   405.8   453.7   490.4   533.8   583.9   650.6   977.0  5399.0 16717.6  55312.6    55460
read      389.3   402.3   160.7   216.4   230.5   340.7   402.6   438.6   466.0   500.6   546.3   625.6  1322.2  4739.2 10833.2  86022.8    85984
read      388.7   435.6   160.7   216.8   230.8   338.8   400.3   436.4   464.8   500.0   546.5   622.8  1171.4  5449.5 16035.4  81948.0    82043
read      392.2   355.2   160.7   215.8   229.7   337.2   409.3   458.2   495.6   538.5   587.7   654.4   979.4  4994.5 10034.8  52918.8    52873
read      617.3  1639.0   160.7   228.1   247.6   419.4   508.1   559.3   593.7   632.7   681.6   778.4  6833.6 30602.3 38840.4  13914.5    13911
read      395.9   417.1   160.7   215.5   229.3   334.9   408.9   460.9   500.1   543.9   592.7   662.1  1102.1  5324.9 13848.8  50067.2    49984
read      617.2  1744.5   160.7   231.7   251.0   406.7   473.1   507.4   531.5   558.1   592.4   679.5  7468.2 31023.4 37389.7   9278.7     9274
read      505.6   700.0   160.7   221.0   236.6   396.4   501.9   555.1   593.8   652.8   758.5   950.1  2837.2  7408.5 31141.7  27216.0    27187
read      604.5  1431.9   173.5   228.4   247.9   429.3   528.1   591.2   638.3   687.8   745.1   852.5  6493.3 28340.1 38015.9  18737.5    18735
read      405.6   370.6   160.7   218.9   233.5   349.9   413.5   451.4   480.3   516.9   569.9   670.0  1632.2  4299.1 10586.6  86359.0    86505
read      394.3   371.8   160.7   217.6   232.0   344.5   404.1   439.5   466.9   501.7   548.4   636.9  1525.4  4283.5 13796.8  93012.2    93039
read      388.8   407.5   160.7   216.4   230.4   337.8   401.1   439.6   469.6   508.3   560.6   638.2  1160.6  5263.4 15795.9  75839.0    75999
read      434.0   508.2   160.7   218.7   232.4   352.2   463.8   516.7   549.9   585.7   631.3   738.7  1417.0  5622.4 30160.2  32400.6    32324
read      387.1   379.5   160.7   216.4   230.4   338.8   400.5   436.7   465.6   501.7   549.4   629.4  1262.2  4309.4 12882.6  84381.8    84255
read      388.8   373.4   160.7   216.9   230.7   339.2   401.3   438.3   467.1   503.5   552.4   633.7  1332.5  4304.4 10807.2  81624.1    81759
read      400.0   460.0   160.7   216.6   230.0   334.8   430.4   486.3   521.7   558.0   596.1   649.3   911.5  5920.9 28248.7  37222.8    37291
read      393.2   284.3   160.7   217.8   231.9   346.7   424.3   470.9   507.0   546.9   592.5   659.6   860.9  3302.5  8701.3  53777.1    53818
read      457.2   432.8   160.7   221.1   236.7   378.2   488.3   540.2   575.7   619.8   692.6   872.9  1492.6  5283.5 13908.7  30156.5    30297
read      439.9   392.3   160.7   221.2   236.8   369.1   479.3   531.5   565.1   602.2   656.2   792.6  1276.1  4978.2 14029.4  31568.1    31569
read      398.9   223.6   160.7   219.6   234.3   353.9   449.0   501.9   535.9   571.6   612.1   670.2   810.3  1590.6  8022.4  38968.1    38927
read      554.9  1304.5   173.5   235.0   254.7   414.2   489.1   527.6   552.7   582.8   622.5   696.7  4897.9 26840.3 37166.8  10654.9    10652
read      489.0   345.6   160.7   230.0   252.0   413.0   500.0   557.9   610.7   690.5   831.1  1029.5  1500.0  2920.5 11201.4  97973.8    98119
read      389.1   234.0   148.8   217.9   231.7   341.5   418.9   469.9   507.8   549.1   594.6   658.5   868.1  2582.3  8121.1  48209.3    48176
read      393.0   218.2   160.7   219.4   234.2   357.4   449.7   496.7   525.6   554.5   585.5   628.0   714.3  2198.2  9594.2  35010.5    34929
read      368.7   171.1   160.7   215.8   229.6   337.9   405.4   445.3   474.0   509.0   551.3   607.9   716.7  1077.5  6740.1  69745.5    69735
read      397.6   291.9   160.7   221.8   236.8   378.5   464.2   495.3   514.4   534.5   556.9   588.6   668.7  2552.8 12407.9  20778.2    20753
read      365.7   178.4   160.7   216.6   230.5   338.1   400.3   435.2   461.5   493.1   533.7   591.9   731.4  1390.3  5919.0  84581.6    84642
read      385.2   208.3   160.7   217.2   231.4   345.1   431.6   482.6   516.6   551.0   586.7   632.1   723.4  1161.5  9367.0  42159.6    42333
read      374.2   192.6   160.7   216.2   230.2   341.1   411.3   453.8   485.5   522.5   564.6   618.9   725.1  1222.4  8204.8  61488.9    61587
read      368.7   184.4   148.8   217.3   231.1   339.2   404.2   442.0   469.1   502.4   543.5   601.8   724.2  1246.3  8146.0  77915.4    77998
read      363.0   175.8   160.7   218.7   232.8   339.9   398.1   430.3   454.1   481.8   517.7   574.2   708.9  1063.5  6183.8  97693.1    97625
read      400.2   281.5   160.7   221.9   237.6   371.5   467.5   503.9   525.9   547.7   574.2   609.8   688.5  2493.0 13087.7  23835.4    23781
read      373.3   188.1   160.7   217.0   230.8   340.6   410.7   452.6   483.0   518.2   560.3   616.9   732.7  1164.9  8271.1  66770.6    66723
read      393.0   238.7   160.7   218.6   232.7   356.6   451.0   495.6   522.3   549.0   578.8   619.5   699.5  3003.1  9614.9   6200.6    31016

Total QPS = 52294.9 (41940476 / 802.0s)

Total connections = 64
Misses = 0 (0.0%)
Skipped TXs = 0 (0.0%)

RX 10359297819 bytes :   12.3 MB/s
TX          0 bytes :    0.0 MB/s
Warning! Detected max cpu usage > 95%
CPU Usage Stats (avg/min/max): 99.96%,48.99%,100.00%

