Total number of intervals = 161 (7434, 67201, 85927, 63953, 31595, 87879, 7287, 62295, 6561, 22532, 60653, 59076, 60154, 22964, 8172, 27652, 37594, 24367, 33771, 84944, 85666, 51918, 34406, 28664, 38289, 20658, 13840, 93419, 98284, 71313, 42089, 46458, 30755, 42889, 93552, 65694, 29574, 51355, 67361, 16287, 81508, 87619, 99068, 51267, 11822, 97494, 97350, 55460, 85984, 82043, 52873, 13911, 49984, 9274, 27187, 18735, 86505, 93039, 75999, 32324, 84255, 81759, 37291, 53818, 30297, 31569, 38927, 10652, 98119, 48176, 34929, 69735, 20753, 84642, 42333, 61587, 77998, 97625, 23781, 66723, 31016, 47394, 95335, 5252, 65908, 16889, 42912, 99898, 26385, 22616, 50605, 90283, 26273, 48521, 34058, 75648, 19482, 15054, 75754, 5187, 17656, 96343, 36665, 85269, 31525, 61798, 12253, 25710, 79937, 7271, 85861, 91467, 72217, 31080, 76878, 84584, 12492, 57106, 96245, 6791, 90728, 5151, 82969, 42635, 99337, 95192, 69200, 49459, 29055, 64324, 5705, 84816, 23714, 74116, 19948, 44213, 19454, 7190, 47657, 44399, 6481, 5807, 83137, 9580, 37385, 33706, 35204, 50438, 48878, 42682, 27416, 64424, 64364, 5481, 26227, 26586, 86286, 24452, 26832, 29795, 46224)
Average QPS expected = 49274
Timestamp start: 1714498956731
Timestamp end: 1714499759257

#type       avg     std     min      p5     p10     p50     p67     p75     p80     p85     p90     p95     p99    p999   p9999      QPS   target
read      405.4   373.6   173.5   242.9   262.5   383.3   421.5   441.7   456.9   472.3   499.5   542.2   835.7  5495.4 15986.1   7414.4     7434
read      407.1   369.3   160.7   222.7   238.2   359.2   433.5   476.2   508.3   546.7   594.5   679.1  1022.1  4054.6 10859.8  67122.0    67201
read      431.1   425.6   160.7   220.7   236.3   359.6   424.0   463.1   495.5   537.4   598.7   775.5  1824.3  4974.9 11962.0  85969.6    85927
read      414.8   415.1   160.7   219.7   233.9   348.3   418.4   463.3   500.9   547.4   607.6   721.9  1537.4  4177.8 13200.2  63945.2    63953
read      420.3   438.5   160.7   219.9   233.8   351.2   461.9   513.0   544.5   578.3   619.6   692.2  1193.6  5510.2 17074.7  31527.6    31595
read      438.0   558.5   160.7   222.3   238.8   364.4   429.3   468.8   501.7   543.9   609.0   785.0  1795.4  5616.4 15267.5  87983.6    87879
read      412.3   488.5   173.5   238.1   257.4   379.7   424.3   447.8   463.4   482.4   505.4   547.6  1083.1  6263.8 24545.2   7331.8     7287
read      418.5   312.8   160.7   220.8   235.8   352.3   427.1   475.8   515.9   566.0   630.6   775.7  1513.7  2797.0  7961.6  62122.4    62295
read      431.5   700.7   173.5   235.5   256.6   376.8   420.6   443.9   460.5   480.1   506.4   551.8  1604.3 10170.6 27624.1   6503.8     6561
read      472.5   317.3   160.7   223.3   240.6   425.0   521.3   580.0   626.0   679.1   740.1   833.4  1198.8  4263.9  9899.2  22521.0    22532
read      436.9   510.4   160.7   220.1   234.8   353.7   429.0   479.3   522.0   574.6   643.2   854.4  1642.2  6721.5 17473.4  60570.4    60653
read      405.8   309.1   160.7   219.0   232.7   348.2   421.4   468.9   507.5   554.5   611.7   703.9  1359.7  2747.5  9981.6  59010.0    59076
read      409.5   359.6   160.7   219.5   233.5   350.0   422.3   468.6   506.4   552.8   611.5   711.3  1398.5  3190.8 13227.9  60294.0    60154
read      505.3   703.6   160.7   225.7   242.7   415.9   509.0   559.6   598.3   658.4   742.8   895.6  2240.7  9164.7 30721.7  22963.6    22964
read      435.6   503.3   173.5   231.9   251.2   392.6   448.4   476.9   497.3   520.4   547.8   599.8  1742.2  7005.2 20091.2   8131.8     8172
read      470.4   422.9   160.7   222.6   238.1   395.1   499.3   550.1   587.4   635.9   724.8   904.1  1684.2  4710.1 12957.3  27598.4    27652
read      406.1   887.4   160.7   219.3   233.2   350.3   445.0   497.2   530.1   563.7   599.8   658.5  1020.4  3829.1  8943.4  37645.2    37594
read      484.8   642.0   160.7   224.0   240.9   408.6   502.7   548.4   582.6   627.9   705.1   859.8  1813.8  6750.7 32225.7  24478.4    24367
read      414.7   274.7   160.7   223.0   238.7   367.6   468.4   517.9   549.8   582.9   623.8   687.3   919.9  2528.4 10684.1  33693.0    33771
read      394.6   245.9   160.7   222.7   238.3   357.8   423.3   460.0   487.9   522.2   567.7   642.0   937.2  3047.6  7625.7  85031.6    84944
read      392.9   336.0   160.7   221.1   236.4   354.3   417.4   453.9   481.2   515.1   561.0   636.2   929.7  3989.4 10680.3  85832.2    85666
read      398.0   224.5   160.7   221.9   237.1   359.6   438.7   484.4   517.9   556.4   600.4   666.8   841.8  1681.1  8313.6  51857.0    51918
read      408.8   332.0   160.7   222.9   238.3   361.5   457.0   506.4   537.9   571.3   610.0   668.6   853.9  3140.7 13561.3  34252.0    34406
read      446.1   423.1   160.7   223.3   239.3   387.8   489.5   537.2   569.2   606.5   662.9   788.7  1265.9  5349.5 15795.4  28788.0    28664
read      424.0   339.1   160.7   223.5   239.3   368.1   462.2   514.5   549.1   586.3   632.3   717.5  1152.7  3392.9 10243.4  38303.0    38289
read      473.9   526.1   160.7   226.6   244.6   424.8   516.6   576.0   621.6   670.6   724.2   797.0  1036.9  7186.2 30950.3  20613.2    20658
read      462.4   508.9   160.7   230.3   249.3   421.2   505.0   552.1   582.9   617.1   657.4   716.6   951.3  5667.1 19219.6  13681.2    13840
read      438.2   328.7   160.7   225.8   243.8   378.9   446.1   487.0   519.5   561.3   623.4   757.7  1743.4  3423.6  8039.9  93266.2    93419
read      396.6   252.7   160.7   225.3   242.7   365.0   425.0   460.0   486.8   519.7   565.3   641.0   919.5  2407.0  8441.5  98500.4    98284
read      405.8   296.9   160.7   221.6   237.0   354.7   423.4   463.5   495.5   535.7   589.6   683.7  1479.7  2715.7  8163.1  71119.0    71313
read      406.5   245.5   160.7   222.7   238.3   353.0   439.2   495.0   533.6   575.5   624.2   692.4  1075.5  1992.3  7162.2  42020.2    42089
read      408.6   252.7   160.7   222.8   238.2   354.9   436.0   488.5   527.0   571.1   622.3   696.0  1158.6  2678.3  8427.7  46455.2    46458
read      439.9   410.8   160.7   222.3   237.6   370.2   478.0   530.7   565.2   603.7   656.5   794.2  1316.4  4592.6 15794.8  30734.0    30755
read      409.6   229.9   160.7   222.5   237.9   357.8   444.9   498.1   536.8   579.0   628.6   701.0  1076.0  2255.4  7688.7  42966.6    42889
read      417.5   397.0   160.7   223.6   240.2   363.8   428.0   466.1   496.9   535.5   588.6   689.8  1618.2  3928.3 11927.0  93448.4    93552
read      403.5   322.0   160.7   220.8   235.2   350.5   419.7   462.0   495.9   538.4   591.9   684.5  1387.6  2858.4 11978.8  65753.0    65694
read      443.7   365.5   160.7   223.1   238.8   381.1   489.6   540.4   574.9   615.6   675.4   815.2  1236.9  3945.1 13369.8  29606.6    29574
read      411.6   251.3   160.7   223.3   239.1   360.7   437.2   485.7   523.8   569.4   624.8   709.8  1225.2  2403.4  6618.8  51389.8    51355
read      415.8   347.5   160.7   221.3   236.3   358.4   429.5   471.9   506.0   548.7   607.5   720.1  1529.3  3089.3 10754.2  67337.4    67361
read      531.0  1095.6   160.7   231.6   250.9   432.0   519.8   568.7   604.6   650.1   712.7   822.3  2264.4 13658.6 50495.3  16336.4    16287
read      427.0   345.3   160.7   222.9   239.1   363.1   428.9   468.1   500.1   541.5   601.9   740.2  1722.9  3655.1 10071.4  81347.6    81508
read      409.1   351.0   160.7   221.9   237.9   358.7   422.3   459.2   487.8   524.3   576.1   673.1  1531.2  4555.8  9864.5  87527.4    87619
read      413.3   308.9   160.7   226.2   244.2   370.6   431.4   467.4   496.4   532.2   581.9   672.1  1469.6  3135.1  9289.1  98976.4    99068
read      396.5   232.7   160.7   221.1   235.9   350.1   422.8   469.2   506.2   550.6   602.3   675.6  1057.7  2079.2  9130.2  51165.8    51267
read      745.6  2338.0   173.5   229.9   249.2   421.2   503.7   546.8   577.4   612.3   657.7   756.5 11704.7 34732.0 42123.3  11781.8    11822
read      465.0   484.7   160.7   230.2   250.8   393.6   464.8   509.4   545.4   589.7   651.5   778.8  1825.5  5879.9 17218.6  97427.6    97494
read      409.8   344.0   160.7   224.7   242.0   366.9   427.9   463.8   491.9   526.6   574.4   655.6  1483.6  3953.8 10181.5  97339.4    97350
read      393.7   203.9   160.7   220.3   234.9   353.0   428.6   474.3   509.9   550.0   597.4   666.7   871.0  1911.8  6496.6  55450.4    55460
read      393.6   273.6   160.7   221.6   237.4   354.7   420.2   458.0   486.5   521.7   568.7   645.6   929.1  3011.2  8548.6  85876.2    85984
read      407.1   283.6   160.7   223.1   239.0   361.2   429.0   468.6   499.5   537.3   587.9   679.6  1349.5  3137.7  9738.3  82219.0    82043
read      404.3   281.6   160.7   221.1   236.0   353.9   430.9   480.5   518.5   562.0   613.7   688.0  1087.6  2559.5  9403.2  52826.6    52873
read      622.2  1611.6   160.7   231.5   250.7   426.6   520.4   573.4   609.8   650.7   703.3   835.1  6558.8 30266.1 37936.7  13998.0    13911
read      452.6   479.8   160.7   223.2   239.1   367.8   458.6   516.9   561.1   615.2   695.2   885.0  1520.4  6890.2 12840.1  49977.6    49984
read      648.6  1990.4   173.5   233.1   252.3   409.4   473.8   509.0   534.7   564.4   604.1   697.0  8291.7 31926.5 40570.9   9318.8     9274
read      507.0   763.1   160.7   224.9   241.5   403.7   507.7   558.6   594.8   649.1   746.7   933.8  2264.2  9375.8 31363.6  27270.2    27187
read      619.2  1583.7   173.5   229.3   248.1   431.0   527.2   589.7   636.8   688.7   748.8   860.6  7141.1 30443.0 42144.7  18839.4    18735
read      444.0   408.4   160.7   224.0   240.8   373.5   443.0   483.7   515.5   557.5   620.8   790.2  1817.2  3497.9 13571.8  86292.6    86505
read      386.3   285.3   160.7   219.8   234.7   349.3   409.2   443.2   468.1   500.6   543.4   619.9   980.2  3621.8  8698.6  93037.6    93039
read      389.4   273.7   160.7   220.5   235.0   349.7   418.7   458.0   487.8   524.6   572.6   644.2   905.1  2364.1  8726.9  75948.4    75999
read      419.8   497.4   160.7   217.7   231.5   347.3   459.0   511.7   543.1   576.9   617.1   681.9  1062.6  6755.9 24963.5  32260.8    32324
read      399.7   364.3   160.7   219.3   233.3   344.6   407.3   445.0   473.4   510.6   560.8   647.8  1557.4  5132.0 11056.1  84083.6    84255
read      379.1   348.1   160.7   215.8   229.2   333.5   394.1   429.7   457.6   492.3   539.0   614.1  1131.7  3818.2 10574.4  81705.4    81759
read      395.3   362.0   160.7   214.5   227.9   332.2   428.9   485.9   521.0   556.0   593.1   643.5   890.4  4998.4 12280.2  37301.0    37291
read      388.5   459.4   160.7   215.7   229.2   333.3   401.1   449.7   487.6   531.5   580.6   641.8   916.2  4777.6 28196.6  53759.8    53818
read      491.0   695.6   160.7   221.9   236.9   382.1   489.7   542.6   579.3   626.7   717.8   923.4  2477.8  7461.9 29588.9  30132.6    30297
read      481.7   737.5   160.7   219.2   233.0   369.7   482.7   535.8   571.9   616.4   700.5   927.5  2115.5  7756.5 31536.2  31427.0    31569
read      395.5   337.4   160.7   216.1   229.5   333.3   427.4   485.8   522.5   559.2   598.2   652.8   977.7  4370.2 10716.9  38950.0    38927
read      593.1  1568.0   173.5   231.7   250.2   409.0   487.1   528.5   556.3   589.2   632.7   734.1  6763.2 30852.4 40163.4  10661.6    10652
read      411.3   408.9   160.7   220.0   235.4   353.3   414.2   451.3   480.4   517.5   568.6   665.5  1734.7  3823.7 11964.5  97840.6    98119
read      391.7   424.5   160.7   215.6   229.4   334.4   407.6   461.6   501.3   543.8   589.9   650.3   907.7  4798.4 15040.3  48177.2    48176
read      404.6   474.8   160.7   217.8   230.7   337.7   437.4   491.1   524.7   558.7   594.2   645.3   968.7  5609.1 24850.4  35088.8    34929
read      384.9   339.3   160.7   215.5   229.0   337.1   401.6   441.0   471.2   510.3   561.4   636.1  1147.6  3706.6  9693.5  69786.4    69735
read      570.1  1166.2   173.5   225.6   243.2   422.6   513.2   567.2   612.9   678.6   760.3   916.8  4346.2 14019.5 36328.7  20873.8    20753
read      409.6   390.2   160.7   218.6   232.1   346.0   409.4   446.7   474.7   511.3   565.0   674.0  1730.9  4011.8  8497.8  84660.0    84642
read      399.4   385.7   160.7   217.7   231.2   338.5   424.4   480.4   518.9   558.8   602.1   662.6   966.8  5386.4 12828.3  42366.0    42333
read      383.0   356.8   160.7   215.9   229.3   334.1   399.2   441.1   474.8   517.5   568.8   635.5   950.0  4421.6 11015.4  61668.2    61587
read      383.7   354.4   160.7   216.9   230.1   334.5   396.3   432.5   461.1   496.9   544.6   622.9  1285.4  4253.4 11655.0  78032.0    77998
read      381.4   310.4   160.7   218.7   233.0   343.7   400.0   432.3   457.4   488.0   530.2   601.0  1135.7  3612.6  9217.3  97639.4    97625
read      520.5   827.6   160.7   223.8   240.3   415.0   509.9   561.2   600.0   662.2   757.0   920.2  2856.6  9581.9 34525.9  23845.6    23781
read      386.3   384.8   160.7   216.6   229.8   334.7   398.5   437.8   469.9   510.5   562.7   635.0  1137.0  5382.9 11243.0  66850.0    66723
read      458.2   490.9   160.7   219.1   233.0   371.9   485.3   539.0   575.4   620.8   702.2   901.5  1568.6  5777.0 19696.1  31160.2    31016
read      394.6   384.7   160.7   216.5   230.1   335.5   411.3   464.4   503.6   546.6   592.7   656.0  1066.5  4380.0 14189.7  47412.6    47394
read      383.7   405.8   160.7   219.0   232.8   341.3   399.0   431.8   457.3   488.7   531.0   597.8   973.9  4770.4 15780.1  95213.2    95335
read      689.1  2510.3   173.5   242.7   267.3   370.5   411.1   433.9   451.7   470.6   503.7   606.8  7907.7 36314.7 43486.9   5254.4     5252
read      407.3   437.9   160.7   218.6   231.7   339.6   404.4   447.3   482.1   527.3   583.9   677.6  1587.2  5488.8 11701.9  65741.8    65908
read      576.7  1254.1   173.5   231.8   250.9   431.6   524.7   583.9   626.3   673.2   729.6   826.2  4745.2 20307.5 36613.3  16948.8    16889
read      413.0   502.2   160.7   216.8   230.3   339.8   428.9   486.8   525.7   566.2   612.6   684.6  1239.4  7314.0 28036.3  42909.6    42912
read      385.5   359.3   160.7   219.4   234.0   344.4   400.7   433.3   458.8   489.8   531.5   600.9  1249.7  4175.1 10964.9  99927.8    99898
read      515.4   788.7   160.7   223.8   239.8   404.8   507.0   560.1   602.1   666.6   774.1   975.2  2571.2  7508.8 32472.6  26557.2    26385
read      534.8   940.6   173.5   223.6   240.3   419.6   512.1   563.4   606.8   674.4   770.0   968.5  2979.7 10453.7 36500.7  22433.8    22616
read      399.2   489.0   160.7   218.8   232.6   337.0   409.3   459.5   497.6   541.2   588.9   653.0   935.1  7326.9 25172.0  50676.4    50605
read      381.4   363.9   160.7   218.9   232.8   337.6   396.5   430.3   456.4   488.6   532.0   599.6  1097.1  4495.7 12401.3  90283.4    90283
read      517.4   727.5   173.5   223.9   240.8   412.2   513.4   567.3   610.1   676.9   781.9   959.8  2817.8  7850.2 30077.0  26272.4    26273
read      402.1   417.6   160.7   218.0   231.6   340.4   417.7   470.3   509.8   552.9   600.8   667.7  1081.4  5727.0 13220.4  48462.8    48521
read      400.5   418.4   160.7   215.8   228.9   333.6   437.0   490.4   523.0   556.3   590.7   639.3   940.8  5279.6 15675.1  33950.0    34058
read      380.2   392.1   160.7   215.2   228.6   332.5   394.3   431.0   460.2   497.0   545.3   620.9  1068.7  4121.2 16331.1  75626.0    75648
read      574.3  1222.4   160.7   226.8   245.1   429.4   522.0   581.1   630.5   687.5   755.5   875.7  4109.8 16255.4 35768.0  19432.0    19482
read      593.0  1424.8   173.5   231.6   250.6   426.2   517.3   571.6   608.5   649.1   698.5   791.4  6348.8 28232.1 41357.5  15057.0    15054
read      424.4   580.4   148.8   218.7   232.3   348.9   413.6   452.2   482.3   522.3   577.7   682.9  1812.1  6899.4 30559.9  75811.4    75754
read      661.1  2176.2   173.5   243.2   266.5   370.8   411.4   433.6   452.0   471.9   506.8   669.1  8202.8 32501.1 50365.0   5261.4     5187
read      619.3  1496.8   173.5   230.7   250.0   432.9   533.8   596.2   641.8   689.7   747.7   861.7  6763.6 30265.9 37812.5  17585.8    17656
read      420.8   569.8   148.8   220.2   235.9   356.6   419.2   456.5   485.1   521.3   571.8   666.1  1777.2  7622.9 30504.4  96422.8    96343
read      395.8   388.3   160.7   215.4   228.6   332.8   429.4   486.8   522.3   557.1   593.4   642.0   936.6  4649.5 16040.4  36762.8    36665
read      381.2   411.9   160.7   217.3   230.8   336.4   395.6   429.4   455.6   487.8   531.5   600.7  1046.0  5333.8 14896.5  85510.4    85269
read      448.6   522.1   160.7   219.4   233.5   363.1   476.1   528.7   562.7   599.2   654.3   822.8  1509.7  5989.3 28188.0  31549.0    31525
read      396.7   495.5   160.7   218.4   231.8   341.1   407.8   449.9   483.0   524.6   575.3   643.6   939.2  5955.4 29730.1  62070.4    61798
read      600.7  1578.1   173.5   230.4   248.9   416.0   496.7   540.9   571.6   606.1   650.5   741.7  6597.2 30734.2 41679.9  12270.2    12253
read      529.3   816.5   160.7   222.2   238.5   415.8   520.4   575.3   620.7   687.7   792.6   979.9  2914.3  9041.5 31588.2  25756.6    25710
read      416.9   448.4   148.8   219.0   233.0   348.9   414.4   452.7   482.3   521.4   576.8   686.7  1730.9  4824.5 13002.9  79663.0    79937
read      619.3  1882.9   173.5   236.4   255.2   394.4   448.3   476.5   497.0   520.6   549.5   630.2  7135.9 31728.3 41352.6   7301.8     7271
read      427.0   474.1   160.7   219.5   234.4   356.8   421.6   460.1   491.1   531.9   591.2   734.2  1800.6  5116.6 17601.8  85829.2    85861
read      384.0   455.4   160.7   217.5   231.2   338.1   397.6   431.5   457.4   488.8   531.2   596.4   968.2  5532.1 23959.3  91556.2    91467
read      386.8   471.3   160.7   216.8   230.2   334.4   397.3   434.7   464.7   502.6   551.0   624.6  1014.6  5889.0 28347.9  72259.4    72217
read      489.4   746.3   160.7   219.6   234.0   374.9   491.5   545.5   583.2   632.5   733.9   958.4  2021.2  9228.7 31906.2  31287.8    31080
read      388.9   442.1   160.7   215.8   229.3   336.6   399.2   435.7   464.3   500.2   547.6   625.5  1221.6  5745.1 15490.6  76587.4    76878
read      377.4   324.2   160.7   216.7   230.1   335.0   395.3   429.9   456.9   490.3   535.5   607.6  1036.1  3902.1  9884.2  84392.2    84584
read      613.4  1633.2   173.5   228.8   247.6   419.3   501.0   546.8   579.4   616.5   663.4   748.9  7177.5 30987.7 40878.6  12488.0    12492
read      396.6   422.5   160.7   217.5   230.8   336.8   405.7   453.6   491.4   536.3   588.0   660.2  1162.4  5790.5 13744.3  57171.4    57106
read      390.6   399.6   160.7   219.6   234.2   345.4   402.9   436.0   461.8   493.6   537.3   610.1  1349.6  5560.5 10101.7  96381.2    96245
read      604.0  1923.2   173.5   235.9   257.3   389.0   438.9   465.6   485.3   506.9   540.6   617.4  7079.3 32530.3 47435.4   6798.6     6791
read      416.0   479.3   160.7   219.5   234.3   353.4   416.6   454.1   483.0   519.7   570.4   661.7  1742.1  5546.8 19318.9  90651.0    90728
read      642.3  2134.4   187.4   245.4   267.5   369.5   410.1   433.2   451.0   470.2   502.0   604.2  7378.7 35281.8 39986.8   5189.6     5151
read      413.9   390.8   160.7   217.6   231.4   346.9   411.1   449.0   478.0   516.8   572.6   692.7  1731.6  4058.3  9808.1  82401.8    82969
read      396.3   426.0   148.8   215.6   229.0   333.5   416.5   473.0   511.2   550.5   591.6   647.6   955.4  5537.2 10168.4  42677.8    42635
read      402.1   408.6   148.8   222.4   238.8   357.3   417.2   452.5   479.1   512.9   560.3   640.9  1094.6  5299.7 13344.6  99359.8    99337
read      384.8   386.5   160.7   218.6   232.7   342.3   400.1   433.3   459.0   490.4   533.0   603.8  1198.4  4470.3 14864.7  95076.8    95192
read      390.8   399.4   160.7   215.8   229.4   336.9   400.9   440.6   471.8   512.8   566.0   641.2  1241.9  5054.8 15360.2  69020.4    69200
read      398.0   293.8   160.7   219.8   233.7   352.4   431.4   478.5   512.9   551.1   594.0   658.5   901.4  3448.9 10223.9  49533.8    49459
read      462.7   459.2   160.7   220.7   235.9   387.7   497.1   546.9   580.8   624.8   703.3   868.8  1576.0  5517.9 17195.5  29156.6    29055
read      379.2   185.8   160.7   219.1   232.7   346.0   417.0   458.0   488.6   525.3   570.0   630.3   764.6  1404.9  7519.6  64239.0    64324
read      559.1  1709.0   173.5   240.3   262.1   374.4   419.2   443.0   459.9   480.0   507.6   575.8  4659.6 31096.2 41358.6   5763.6     5705
read      391.2   248.3   160.7   218.6   232.3   347.0   411.3   447.6   474.3   508.6   554.2   635.1  1537.4  2760.4  8361.7  84432.2    84816
read      519.4   805.2   160.7   225.1   242.0   414.8   510.5   559.0   595.8   655.7   758.7   941.2  2767.3  9959.8 31390.9  23639.4    23714
read      374.3   182.2   160.7   219.1   232.4   342.7   410.3   448.6   476.6   510.8   554.6   619.7   760.7  1495.0  5480.2  74036.0    74116
read      552.6   986.9   160.7   227.6   246.0   436.8   532.6   591.6   641.1   698.9   765.7   872.4  3781.5 11018.6 35942.4  19866.6    19948
read      390.8   219.7   160.7   218.7   232.3   345.0   429.0   480.5   516.3   553.8   594.0   652.9   846.9  2386.3  5788.8  43986.6    44213
read      586.1  1326.2   160.7   228.3   247.2   432.3   531.6   595.4   646.2   700.8   765.5   884.3  4755.2 22648.4 37391.7  19426.2    19454
read      448.6   910.9   173.5   237.3   256.9   387.3   433.3   457.4   472.9   493.1   516.0   555.5  2235.9  9636.7 32223.2   7249.2     7190
read      420.7   241.6   160.7   223.1   238.7   369.8   464.7   516.5   551.7   591.1   642.2   748.9  1041.0  2035.1  8029.4  47456.2    47657
read      383.3   185.6   160.7   218.1   231.7   346.5   430.7   479.3   511.8   546.0   582.1   628.8   728.6  1137.8  5899.6  44492.2    44399
read      389.8   488.5   173.5   242.5   262.4   359.9   389.3   403.4   415.4   427.9   444.0   470.0   672.7  8450.7 17226.8   6530.2     6481
read      371.9   436.1   187.4   245.3   265.5   350.3   376.1   391.0   400.4   413.5   429.7   458.7   581.8  6729.6 23975.0   5784.4     5807
read      362.3   196.2   160.7   217.2   230.6   336.2   398.4   432.2   457.3   487.1   525.4   580.2   686.1  1219.1  7259.3  82931.8    83137
read      384.5   336.6   173.5   236.1   252.8   377.1   413.5   430.9   443.2   457.3   471.3   499.9   582.5  4091.5 19103.5   9502.4     9580
read      386.9   216.6   160.7   217.7   232.0   352.4   439.8   486.9   516.8   546.6   578.5   620.7   702.0  1383.4  8197.0  37289.2    37385
read      388.6   237.7   160.7   220.0   234.2   355.1   445.8   489.8   516.7   543.8   574.0   613.0   685.4  2188.6  9822.5  33668.6    33706
read      390.4   245.2   148.8   218.7   232.8   356.0   445.1   491.7   520.6   548.8   579.7   620.8   692.1  2226.8 10820.9  35230.6    35204
read      376.2   205.8   160.7   216.7   230.4   341.6   417.2   463.8   496.7   532.3   570.3   616.2   694.7  1219.3  7214.0  50309.2    50438
read      374.9   185.3   160.7   216.8   230.4   339.2   414.3   462.2   496.5   532.8   571.0   617.5   699.5  1134.0  5803.3  48895.6    48878
read      380.2   251.0   160.7   215.3   229.4   339.8   422.9   475.5   510.1   544.3   579.5   623.0   698.4  1144.4 10471.1  42404.4    42682
read      391.4   266.8   160.7   218.9   232.4   351.7   456.9   498.0   522.2   545.9   573.5   609.8   685.0  2498.0 12367.4  27465.4    27416
read      367.7   180.1   160.7   216.9   230.3   337.9   404.9   444.7   473.1   507.9   548.6   598.4   686.0  1106.6  6936.6  64480.4    64424
read      371.8   178.1   160.7   216.9   230.6   342.2   409.0   449.2   479.1   515.2   558.0   612.7   708.0  1109.4  6347.5  64373.2    64364
read      378.1   436.0   173.5   247.5   268.5   354.5   381.8   396.1   405.3   419.8   434.3   465.0   624.2  5734.4 24143.6   5503.6     5481
read      399.4   227.1   160.7   222.4   237.9   368.7   467.7   506.0   529.1   552.3   579.0   616.5   691.1  2449.0  9124.6  26196.8    26227
read      398.7   319.1   160.7   220.1   234.8   363.6   464.7   503.8   527.8   551.8   578.9   616.5   691.7  2514.0 13625.8  26380.2    26586
read      364.7   187.6   160.7   217.8   231.6   339.2   400.7   434.4   459.7   490.0   529.0   585.7   698.8  1017.2  8073.2  86407.4    86286
read      400.6   320.4   160.7   222.8   238.5   369.3   467.8   504.5   526.9   549.1   576.3   613.2   687.2  2484.7 13897.8  24397.4    24452
read      398.1   269.3   160.7   219.8   234.0   363.8   466.6   507.0   530.6   554.7   581.9   621.0   700.7  2458.9 10704.3  26899.6    26832
read      395.7   245.8   160.7   219.6   234.0   358.7   459.5   503.4   529.2   555.0   583.2   623.3   714.0  2423.3 10834.1  29749.4    29795
read      381.8   164.9   160.7   217.7   231.2   346.1   429.8   477.9   510.5   545.5   581.9   627.8   717.3   988.1  4315.4  18514.6    46224

Total QPS = 49267.2 (39512268 / 802.0s)

Total connections = 64
Misses = 0 (0.0%)
Skipped TXs = 0 (0.0%)

RX 9759530443 bytes :   11.6 MB/s
TX          0 bytes :    0.0 MB/s
Warning! Detected max cpu usage > 95%
CPU Usage Stats (avg/min/max): 99.97%,50.25%,100.00%

