Random waveform, supplied seed
Total number of intervals = 88 (7434, 67201, 85927, 63953, 31595, 87879, 7287, 62295, 6561, 22532, 60653, 59076, 60154, 22964, 8172, 27652, 37594, 24367, 33771, 84944, 85666, 51918, 34406, 28664, 38289, 20658, 13840, 93419, 98284, 71313, 42089, 46458, 30755, 42889, 93552, 65694, 29574, 51355, 67361, 16287, 81508, 87619, 99068, 51267, 11822, 97494, 97350, 55460, 85984, 82043, 52873, 13911, 49984, 9274, 27187, 18735, 86505, 93039, 75999, 32324, 84255, 81759, 37291, 53818, 30297, 31569, 38927, 10652, 98119, 48176, 34929, 69735, 20753, 84642, 42333, 61587, 77998, 97625, 23781, 66723, 31016, 47394, 95335, 5252, 65908, 16889, 42912, 99898)
Average QPS expected = 52198
Timestamp start: 1714500926921
Timestamp end: 1714501807399

#type       avg     std     min      p5     p10     p50     p67     p75     p80     p85     p90     p95     p99    p999   p9999      QPS   target
read      409.8   388.1   173.5   241.1   261.8   388.1   429.3   451.5   466.3   486.2   509.3   553.8   886.5  4923.1 17117.4   7396.4     7434
read      411.6   330.4   160.7   220.8   235.9   351.4   423.7   468.4   504.4   547.9   607.4   721.7  1458.7  3194.6  9497.5  66916.6    67201
read      428.0   438.8   160.7   221.2   237.2   357.9   422.1   461.6   493.5   534.5   593.1   744.0  1788.1  4345.0 15367.4  85977.4    85927
read      413.1   331.3   160.7   219.7   234.2   347.9   419.4   465.5   503.8   551.7   614.4   735.3  1522.8  3567.3  9850.5  64010.2    63953
read      426.3   471.8   160.7   220.9   235.8   354.2   466.1   517.4   548.9   582.6   624.4   699.8  1168.1  5355.6 17710.7  31604.8    31595
read      417.4   370.4   160.7   221.3   237.3   355.2   417.6   455.4   484.8   522.9   578.7   699.5  1714.0  3856.9 10747.9  87709.5    87879
read      436.3   682.2   173.5   235.6   256.0   389.0   440.5   465.7   483.9   503.9   531.7   578.5  1662.6  7949.1 31506.3   7267.5     7287
read      407.0   330.6   160.7   220.3   235.2   349.2   423.0   469.3   506.5   551.2   607.4   698.6  1335.1  2968.2 10242.0  62173.9    62295
read      429.7   603.7   173.5   237.3   259.1   382.1   427.7   451.8   467.6   488.3   511.7   562.1  1591.8  8050.4 28382.5   6553.3     6561
read      490.2   569.8   160.7   225.5   243.2   422.0   516.4   571.4   615.4   671.3   739.8   852.3  1612.7  6094.1 28083.5  22464.2    22532
read      392.3   242.1   160.7   221.1   236.1   351.4   425.0   468.2   501.1   539.5   586.1   658.3   904.9  1790.6  9797.8  60579.9    60653
read      390.2   234.1   160.7   220.1   234.7   350.4   424.7   468.7   502.7   541.8   587.3   652.4   837.4  1884.1  9284.4  59054.6    59076
read      390.3   219.6   148.8   220.8   235.5   352.2   425.8   469.1   502.4   540.8   586.6   653.1   840.7  1743.8  7641.9  60073.3    60154
read      473.0   392.6   160.7   228.6   247.7   424.9   517.8   571.5   613.6   663.3   723.3   808.5  1177.5  4950.4 15919.9  23069.7    22964
read      784.7  2593.2   173.5   235.9   256.0   408.1   470.2   502.6   526.1   551.8   592.1   790.2 11991.0 36888.8 49513.4   8195.6     8172
read      504.5   814.3   160.7   224.7   241.4   398.8   504.6   556.7   593.1   643.6   740.0   933.8  2147.2 10075.0 35778.3  27590.4    27652
read      406.2   316.3   160.7   221.7   236.9   346.4   441.1   498.1   535.5   574.5   618.5   680.9  1040.0  2654.3  9970.9  37686.1    37594
read      522.5   736.0   160.7   226.8   244.0   420.7   522.5   576.7   620.0   683.5   787.0   978.8  2361.7  9044.4 30415.7  24378.8    24367
read      410.3   336.6   160.7   221.5   236.5   349.5   453.1   507.7   542.1   578.4   619.8   679.9  1025.5  3803.0 11576.3  33864.2    33771
read      408.6   321.4   160.7   222.5   238.4   358.7   423.1   461.2   490.8   527.9   579.5   674.0  1553.8  3658.1  9164.6  84887.3    84944
read      401.9   306.6   160.7   221.1   236.4   354.0   417.7   455.2   483.7   519.4   569.4   659.5  1521.2  3082.6  9564.6  85596.2    85666
read      405.1   296.8   160.7   221.5   236.5   352.8   428.3   476.7   514.9   559.3   612.4   688.3  1131.9  2929.9 10025.8  51967.2    51918
read      403.8   263.6   160.7   221.4   236.1   346.9   447.4   501.9   536.4   572.4   613.6   673.2   974.1  2807.5  9519.5  34419.1    34406
read      470.5   533.5   160.7   223.2   239.0   387.4   498.1   549.7   585.6   630.0   701.4   885.8  1559.9  7494.1 19671.6  28628.5    28664
read      415.7   381.7   160.7   221.4   236.7   358.3   451.3   503.3   537.8   574.3   617.7   687.5  1072.2  4375.2 11206.8  38396.9    38289
read      593.2  1353.6   160.7   228.6   247.2   430.4   526.3   585.8   633.7   692.9   766.7   908.4  4492.8 19659.1 37082.4  20596.0    20658
read      639.1  1738.9   160.7   231.8   251.9   426.3   515.8   566.0   600.2   639.7   689.2   796.6  7372.6 31033.4 40584.3  13912.0    13840
read      401.9   425.3   160.7   221.4   237.4   356.3   418.2   454.0   480.6   513.7   559.2   636.5  1016.3  6290.7 14236.8  93453.2    93419
read      391.5   280.9   160.7   222.3   238.8   357.0   416.7   451.0   475.9   507.5   549.9   626.4   951.4  3050.3  8099.5  98304.1    98284
read      383.5   324.2   160.7   218.2   231.8   343.0   410.8   450.7   480.1   516.3   561.8   627.7   845.0  3017.5 10724.4  71207.9    71313
read      394.9   326.4   160.7   216.3   230.0   333.8   421.7   481.0   519.8   559.3   602.7   663.3   978.0  3873.5 11247.7  42227.4    42089
read      392.0   397.5   160.7   216.0   229.5   332.0   409.1   465.8   506.1   548.3   592.3   651.3   933.9  5160.0 13865.4  46512.1    46458
read      474.8   652.8   160.7   220.2   235.0   372.9   489.8   542.6   577.8   620.0   686.2   872.4  2061.5  6748.8 30776.8  30759.0    30755
read      396.6   397.0   160.7   215.9   229.5   334.1   418.0   476.2   515.5   555.9   598.6   657.2   934.9  5533.6 10293.6  42901.1    42889
read      396.9   393.3   160.7   219.3   234.1   343.6   401.9   436.2   463.4   497.7   545.2   633.5  1583.3  4430.7 14290.8  93631.4    93552
read      387.7   386.5   160.7   218.7   232.3   335.7   400.3   442.9   476.7   520.3   573.3   644.2  1017.6  4545.0 17582.2  65829.8    65694
read      484.8   673.7   160.7   220.7   235.9   384.2   495.3   547.4   584.1   632.9   730.4   923.6  1999.8  6755.6 31875.1  29502.7    29574
read      391.7   388.8   160.7   216.1   229.8   332.8   404.0   456.7   496.3   540.7   589.5   655.2  1026.3  5616.3 12859.0  51306.5    51355
read      387.8   406.3   160.7   216.5   230.3   336.6   401.6   442.9   475.0   516.0   568.1   640.1  1057.4  4608.0 13342.2  67349.2    67361
read      597.6  1413.3   160.7   227.9   247.3   426.2   519.4   577.8   619.4   665.2   719.8   814.0  6474.2 27362.1 37836.1  16282.6    16287
read      403.6   415.0   160.7   217.6   231.7   343.3   405.5   443.5   471.9   509.6   563.3   662.0  1670.4  4299.2 12907.1  81583.3    81508
read      379.8   328.3   160.7   215.9   229.8   335.5   394.8   429.1   455.7   488.5   533.5   607.1  1233.4  4025.8 11215.7  87552.7    87619
read      385.2   369.6   160.7   218.6   233.2   343.4   399.3   431.6   456.7   487.5   529.9   601.5  1342.8  4137.0 11003.3  99067.5    99068
read      390.1   417.3   160.7   216.6   230.3   333.7   405.0   457.5   496.9   540.5   588.0   648.2   898.8  5694.5 11894.1  51440.2    51267
read      617.0  1667.3   173.5   231.5   251.0   420.4   501.4   544.6   574.7   609.0   653.2   738.3  7196.5 30401.2 40021.6  11815.9    11822
read      404.8   378.9   160.7   219.6   235.2   352.3   412.3   448.1   474.9   509.6   559.2   653.4  1626.0  3923.9 13171.5  97565.7    97494
read      388.8   577.4   160.7   216.6   230.8   333.7   387.9   418.8   441.8   470.5   511.2   583.7  1381.8  8311.2 24450.3  97466.1    97350
read      386.0   510.5   148.8   212.3   225.8   322.7   389.3   433.2   468.0   509.5   559.6   627.3   983.5  7552.0 20324.6  55578.7    55460
read      385.4   389.6   160.7   216.6   230.6   339.3   399.9   434.9   461.8   495.1   539.9   615.5  1277.5  4349.8 12991.4  86023.8    85984
read      383.0   387.2   160.7   216.0   229.9   336.4   396.9   432.2   459.8   494.2   540.4   615.8  1185.2  4571.9 12022.4  82139.6    82043
read      392.2   435.3   148.8   216.7   230.1   335.0   405.8   455.9   494.3   538.3   587.2   652.0   970.5  5572.6 15868.4  53000.2    52873
read      604.9  1526.2   160.7   229.9   249.2   423.5   513.8   565.8   600.4   639.3   688.3   784.3  6704.5 29465.7 37442.8  14039.0    13911
read      396.3   406.5   160.7   216.9   230.6   335.8   409.1   461.2   499.9   543.0   590.7   659.4  1116.0  5399.2 12437.9  49996.5    49984
read      643.8  1949.5   160.7   232.3   252.4   411.4   478.9   514.1   538.5   567.2   604.1   686.5  7529.2 31607.7 43495.7   9297.7     9274
read      523.9   797.5   160.7   222.2   238.5   406.9   511.8   567.4   612.5   684.4   797.8  1000.7  2859.7  8534.4 31674.8  27218.1    27187
read      613.9  1445.6   160.7   229.7   249.3   435.3   533.0   598.5   647.4   699.4   759.7   861.2  6146.5 28634.8 37338.5  18743.1    18735
read      402.7   453.3   160.7   217.6   232.1   344.5   405.9   442.1   469.4   505.6   555.4   647.4  1656.8  4565.7 14985.3  86571.1    86505
read      386.2   357.6   160.7   218.5   232.7   344.2   403.5   438.2   464.9   498.0   542.3   618.2  1038.1  4443.5 12341.8  92999.7    93039
read      384.8   377.4   160.7   216.4   230.2   336.0   399.0   435.8   464.8   501.2   548.3   625.1  1137.4  4592.0 12349.4  76024.5    75999
read      461.8   639.2   160.7   218.6   232.3   357.7   472.7   526.8   561.0   598.8   657.7   853.9  2047.3  6827.5 31212.5  32323.3    32324
read      390.1   363.4   160.7   218.8   232.8   344.1   405.6   441.9   468.9   503.7   549.3   629.3  1317.3  4170.1 11025.5  84162.8    84255
read      386.7   380.5   160.7   216.2   230.4   338.2   399.2   435.0   463.3   498.6   545.9   625.8  1268.2  4573.1 13260.7  81654.8    81759
read      402.5   367.1   160.7   217.2   231.1   341.3   440.8   496.4   531.2   566.6   605.4   662.4   954.7  3984.6 13504.9  37326.5    37291
read      380.6   188.6   148.8   217.0   230.9   342.2   416.1   462.2   497.1   536.6   581.3   639.2   777.5  1502.9  5809.2  53911.8    53818
read      464.8   442.1   160.7   222.7   238.7   385.7   495.4   546.0   581.2   625.1   701.3   892.9  1519.2  5532.3 13900.8  30373.6    30297
read      433.7   375.0   160.7   220.9   236.1   367.7   477.4   527.9   559.2   593.3   640.2   766.0  1227.3  4459.6 10659.6  31538.0    31569
read      410.0   236.4   160.7   222.7   238.5   364.0   459.8   511.1   544.1   579.1   620.8   685.7   889.7  2410.8  8593.4  38931.3    38927
read      446.9   438.4   173.5   237.1   256.0   416.8   488.8   525.7   549.1   576.6   609.2   658.4   795.9  6200.8 15860.0  10680.7    10652
read      397.1   353.6   160.7   220.8   236.9   353.1   412.3   447.5   473.5   507.3   553.0   632.0  1469.7  4367.8 12301.5  97967.8    98119
read      390.3   268.3   160.7   218.8   232.3   339.9   416.1   468.0   507.1   550.0   597.0   659.9   860.4  3192.6  9105.4  48173.9    48176
read      395.2   260.0   160.7   218.6   232.5   350.8   450.7   501.4   531.6   561.8   592.3   635.0   739.3  2561.1  9917.3  35072.1    34929
read      368.7   180.1   160.7   215.7   229.6   339.3   405.1   444.2   472.2   506.7   547.9   603.1   701.8  1324.0  7563.1  69554.9    69735
read      416.9   264.3   160.7   225.1   241.6   397.3   481.6   515.8   537.4   562.3   592.2   647.7   806.2  2524.6  9899.6  20792.0    20753
read      379.8   224.1   160.7   219.8   234.2   346.4   409.7   446.3   472.3   505.8   548.4   618.0   813.1  2417.7  7443.8  84628.4    84642
read      401.8   223.5   160.7   219.9   234.7   356.5   447.1   499.9   535.0   572.3   615.2   678.3   871.1  1808.0  7296.6  42298.9    42333
read      379.6   191.6   160.7   217.8   231.6   345.5   417.4   460.1   492.3   529.7   572.8   629.2   759.3  1399.9  7940.3  61606.9    61587
read      365.1   161.2   160.7   216.4   230.1   338.1   401.9   437.9   464.8   496.9   537.1   592.6   704.6  1182.0  5655.8  78110.6    77998
read      362.9   170.7   160.7   217.8   231.9   339.3   396.2   427.6   450.9   478.2   514.3   572.4   734.3  1438.8  5696.1  97524.7    97625
read      395.3   278.9   160.7   219.8   233.9   363.4   463.9   499.8   521.4   542.7   569.0   602.3   681.5  2526.2 12240.0  23825.4    23781
read      369.7   185.6   148.8   216.6   230.3   339.2   406.0   445.8   474.9   510.1   552.5   607.4   700.7  1090.8  8253.7  66888.9    66723
read      395.1   246.6   160.7   218.0   231.8   353.8   460.0   507.0   533.7   560.6   588.6   630.1   726.2  2411.3  9658.9  31040.6    31016
read      380.1   204.5   160.7   216.6   230.5   343.1   422.5   471.2   505.8   541.5   579.3   626.4   721.1  1128.7  7914.7  47446.5    47394
read      362.2   149.1   148.8   218.9   233.0   341.5   399.4   431.0   454.4   481.4   516.7   570.9   686.4   996.7  4563.7  95325.3    95335
read      387.0   569.8   173.5   248.3   269.0   352.4   378.3   392.7   401.7   415.4   431.4   463.4   814.7  8239.1 25735.3   5261.8     5252
read      369.4   181.6   160.7   215.4   229.6   338.5   405.8   446.5   475.9   511.0   553.2   608.4   707.1  1243.6  7750.7  65865.6    65908
read      397.8   334.6   160.7   227.7   244.1   390.1   455.8   481.5   497.0   513.6   534.8   563.2   628.2  2998.3 16119.6  16874.6    16889
read      385.6   193.6   160.7   218.5   232.6   350.9   434.4   483.1   515.5   548.2   582.6   626.7   708.2  1051.9  7690.2  42936.5    42912
read      368.8   180.4   160.7   220.6   236.3   347.3   403.3   434.4   457.9   485.2   520.6   577.2   727.3  1327.5  7756.2  99787.1    99898

Total QPS = 52207.3 (45942452 / 880.0s)

Total connections = 64
Misses = 0 (0.0%)
Skipped TXs = 0 (0.0%)

RX 11347785891 bytes :   12.3 MB/s
TX          0 bytes :    0.0 MB/s
Warning! Detected max cpu usage > 95%
CPU Usage Stats (avg/min/max): 99.96%,50.00%,100.00%

