Random waveform, supplied seed
Total number of intervals = 217 (7434, 67201, 85927, 63953, 31595, 87879, 7287, 62295, 6561, 22532, 60653, 59076, 60154, 22964, 8172, 27652, 37594, 24367, 33771, 84944, 85666, 51918, 34406, 28664, 38289, 20658, 13840, 93419, 98284, 71313, 42089, 46458, 30755, 42889, 93552, 65694, 29574, 51355, 67361, 16287, 81508, 87619, 99068, 51267, 11822, 97494, 97350, 55460, 85984, 82043, 52873, 13911, 49984, 9274, 27187, 18735, 86505, 93039, 75999, 32324, 84255, 81759, 37291, 53818, 30297, 31569, 38927, 10652, 98119, 48176, 34929, 69735, 20753, 84642, 42333, 61587, 77998, 97625, 23781, 66723, 31016, 47394, 95335, 5252, 65908, 16889, 42912, 99898, 26385, 22616, 50605, 90283, 26273, 48521, 34058, 75648, 19482, 15054, 75754, 5187, 17656, 96343, 36665, 85269, 31525, 61798, 12253, 25710, 79937, 7271, 85861, 91467, 72217, 31080, 76878, 84584, 12492, 57106, 96245, 6791, 90728, 5151, 82969, 42635, 99337, 95192, 69200, 49459, 29055, 64324, 5705, 84816, 23714, 74116, 19948, 44213, 19454, 7190, 47657, 44399, 6481, 5807, 83137, 9580, 37385, 33706, 35204, 50438, 48878, 42682, 27416, 64424, 64364, 5481, 26227, 26586, 86286, 24452, 26832, 29795, 46224, 84587, 63389, 46953, 90536, 12508, 38491, 97806, 11813, 39665, 53571, 63215, 78767, 8615, 67903, 16398, 53434, 38068, 9130, 69227, 37496, 83925, 51037, 33690, 51474, 73708, 98618, 81977, 91567, 48236, 91726, 52458, 70467, 71151, 65016, 42057, 78821, 60720, 39911, 10628, 73736, 7334, 91868, 76670, 10405, 26019, 55530, 29615, 66057, 55281, 21177, 88239, 70227, 23421, 97104, 6235, 58045)
Average QPS expected = 50547
Timestamp start: 1715278466097
Timestamp end: 1715279331675

#type       avg     std     min      p5     p10     p50     p67     p75     p80     p85     p90     p95     p99    p999   p9999      QPS   target
read      397.1   460.4   173.5   226.3   246.4   368.0   418.8   446.2   464.8   487.7   515.3   561.8   759.4  5063.7 30181.5   7293.0     7434
read      402.5   745.6   160.7   216.0   230.0   349.5   423.8   468.8   502.5   542.1   595.4   698.0  1275.1  2726.7  8017.1  67088.0    67201
read      395.5   554.5   160.7   217.6   232.7   353.8   421.4   462.4   494.1   532.9   585.0   677.1   995.2  2491.3  8038.8  85828.5    85927
read      384.3   476.1   160.7   211.9   225.9   342.7   414.8   457.5   489.5   527.4   576.1   660.1   916.7  2045.2 10862.4  63927.2    63953
read      388.5   266.5   160.7   214.5   229.0   353.4   431.2   473.0   500.5   530.9   569.4   638.5   843.1  1656.6 11757.3  31486.8    31595
read      369.3   207.2   160.7   212.2   226.4   335.5   397.2   434.5   463.8   499.6   545.5   626.5   833.3  1547.4  7223.5  87907.0    87879
read      387.7   330.5   173.5   225.8   245.4   359.1   407.3   434.3   453.2   472.8   501.2   543.6   771.9  6473.4 10084.8   7214.2     7287
read      392.9   265.4   160.7   212.8   226.8   346.8   420.9   465.3   498.5   537.9   589.6   686.4  1117.0  2165.2 10045.9  62044.8    62295
read      684.7  2867.4   173.5   226.1   247.3   358.5   402.9   430.8   451.7   475.4   507.3   586.1 13410.0 36234.9 54362.8   6671.8     6561
read      402.4  1216.7   160.7   217.9   232.0   361.6   436.6   471.5   495.9   523.4   557.7   630.4   923.6  3942.1 10659.5  22543.8    22532
read      396.3  1476.1   160.7   213.5   227.3   348.3   423.7   467.1   499.0   535.7   583.7   668.6   888.4  1759.5  7508.6  60619.0    60653
read      392.0  1145.8   160.7   213.7   227.7   349.5   423.8   467.1   499.1   535.8   583.1   666.2   866.2  1534.0  7937.8  59179.2    59076
read      397.1   776.4   160.7   213.9   228.0   354.3   429.8   474.9   507.8   545.1   594.0   684.7   920.9  1818.8  9226.6  60089.8    60154
read      387.7   271.3   160.7   218.5   232.4   358.6   435.5   470.6   494.6   521.1   552.3   613.6   816.5  2259.0 10992.1  22994.8    22964
read      889.7  3011.2   160.7   218.5   235.4   368.9   429.2   461.7   485.4   513.7   557.9  1231.5 15976.2 34913.5 45862.2   8163.5     8172
read      422.1   526.1   160.7   216.7   231.2   359.8   441.5   485.8   515.9   549.6   600.7   700.9  1315.6  5494.4 31034.5  27729.5    27652
read      408.0   293.1   160.7   216.3   230.6   361.4   437.2   484.5   518.6   557.5   611.7   703.1  1208.6  2404.3 10063.1  37499.8    37594
read      397.8   257.9   160.7   216.7   230.8   354.4   435.2   477.7   505.4   536.6   578.4   660.9  1128.1  2527.2 10560.7  24373.5    24367
read      414.7   287.9   160.7   217.2   231.8   367.4   445.2   491.8   525.3   565.1   620.6   715.4  1230.3  3145.6 10593.0  33781.5    33771
read      429.9   372.9   160.7   217.8   232.8   362.6   433.7   478.4   513.6   559.7   627.5   768.7  1747.7  4018.8 10248.4  85060.2    84944
read      419.1   395.0   160.7   215.8   231.2   356.8   424.5   465.9   498.6   540.0   599.4   718.6  1693.5  4754.8  9911.3  85623.0    85666
read      408.9   263.0   160.7   214.3   228.4   360.9   435.4   481.5   516.2   558.0   617.3   720.3  1327.4  2462.8  8840.8  51961.8    51918
read      412.1   354.4   160.7   215.3   230.0   360.4   439.8   487.8   521.8   560.8   614.7   710.7  1248.9  3925.8 11344.2  34441.8    34406
read      401.4   341.0   160.7   214.8   229.2   351.9   429.9   474.4   504.8   539.6   583.5   661.6  1171.6  5219.4  9809.3  28763.8    28664
read      408.6   286.9   160.7   214.9   229.4   360.8   436.0   482.6   515.6   555.3   611.0   705.5  1233.9  2923.3 10676.7  38378.5    38289
read      400.1   272.9   160.7   219.6   233.6   366.9   443.4   481.8   507.2   536.6   574.9   647.6  1043.5  1855.6  9094.0  20681.8    20658
read      497.9  1241.7   160.7   220.0   235.4   383.3   448.1   485.8   515.7   558.4   633.5   821.7  3363.4  9047.6 31748.6  13853.2    13840
read      504.7   814.6   160.7   227.8   250.2   409.8   489.0   542.3   588.3   654.6   764.6   956.5  1941.5  3808.5 15149.3  93425.5    93419
read      418.8   668.3   160.7   223.9   242.7   374.6   442.1   484.3   516.4   556.3   612.7   707.3  1006.7  3474.6 12242.2  98342.2    98284
read      432.7   449.2   160.7   218.2   233.0   363.7   437.0   484.4   520.4   565.6   630.1   753.0  1712.3  5150.9 18177.5  71383.0    71313
read      409.4   382.8   160.7   214.0   228.5   358.2   431.2   477.0   510.4   550.2   604.6   695.1  1218.1  4151.6 12521.7  42215.0    42089
read      413.4   735.3   160.7   215.6   229.7   364.6   439.0   485.3   519.6   560.7   618.8   718.5  1290.1  2560.4 10750.0  46441.0    46458
read      398.4   248.7   160.7   215.2   229.5   355.1   432.8   478.3   510.0   545.5   591.4   678.5  1125.3  1826.3 10811.4  30692.0    30755
read      406.3   325.7   160.7   214.2   228.5   359.1   431.9   477.2   510.9   550.2   607.1   704.3  1244.6  2483.3  9280.0  43036.5    42889
read      433.6   437.8   160.7   222.9   240.8   377.0   447.9   492.4   527.0   571.4   634.0   746.2  1462.9  4152.9 15993.4  93445.8    93552
read      409.7   316.7   160.7   213.9   228.1   353.6   426.2   470.8   505.2   547.5   608.6   724.0  1485.5  3308.4 10049.5  65718.2    65694
read      401.9   253.9   160.7   216.2   230.4   356.7   436.6   482.9   513.5   547.9   593.5   679.3  1173.6  2256.6  9041.8  29635.8    29574
read      415.7   414.8   160.7   214.2   228.6   360.9   433.6   479.3   513.8   555.6   615.3   723.1  1364.6  3096.2 18274.5  51259.0    51355
read      415.8   334.6   160.7   213.9   228.4   355.3   429.7   475.3   510.8   555.1   620.0   743.4  1589.0  2861.3 15176.4  67458.2    67361
read      477.6   723.8   160.7   218.3   232.9   382.8   454.7   494.0   525.1   569.3   642.5   795.3  2882.9  8983.7 31928.2  16237.0    16287
read      420.0   317.6   160.7   216.4   231.4   360.5   431.7   476.2   510.7   554.7   617.4   734.9  1685.8  3454.7  6917.6  81168.5    81508
read      411.8   325.1   160.7   215.4   230.5   354.5   421.1   462.9   496.0   537.9   598.6   717.4  1651.1  2953.5  9549.0  87623.8    87619
read      431.2   265.4   160.7   227.8   249.2   389.1   459.9   504.9   540.7   585.6   645.7   747.5  1062.5  2373.8  9272.5  98928.5    99068
read      402.3   521.9   160.7   216.1   230.6   358.1   429.5   472.2   505.3   543.8   593.3   683.7  1195.8  2538.7  9543.3  51353.0    51267
read      690.5  2127.9   160.7   219.8   238.0   387.1   460.1   505.6   538.5   578.3   635.1   810.9 10607.4 31693.9 41998.0  11867.2    11822
read      449.5   360.0   160.7   223.5   243.0   384.7   457.8   504.4   542.7   592.0   663.9   806.5  1721.9  3149.7 11965.4  97384.2    97494
read      440.4   367.4   160.7   222.7   241.6   380.5   453.9   501.2   539.2   588.5   663.5   806.2  1410.9  3918.8 12237.4  97091.2    97350
read      425.3   515.2   160.7   212.2   226.4   356.3   431.4   478.5   513.8   557.1   619.1   738.8  1644.5  5795.3 28443.6  55612.0    55460
read      428.2   459.4   160.7   216.7   232.0   361.7   431.5   474.7   509.8   556.7   625.8   752.9  1697.4  4722.2 16176.8  85968.8    85984
read      448.6   543.4   160.7   216.1   231.7   364.5   437.6   485.0   522.1   571.7   643.6   831.2  1891.5  5189.2 27641.5  81763.2    82043
read      418.7   406.9   160.7   214.1   228.4   360.6   438.0   485.7   520.2   561.8   620.3   726.5  1427.4  4240.0 11780.3  53027.5    52873
read      469.1   758.5   160.7   217.8   232.3   375.6   437.6   472.8   501.9   544.9   621.6   784.4  2769.1  8115.3 35362.7  13948.0    13911
read      442.5   483.5   160.7   215.0   229.8   366.2   446.3   496.9   534.6   581.8   651.5   805.8  1720.0  5685.0 15701.1  49861.0    49984
read      771.5  2638.8   160.7   216.3   234.0   369.1   433.3   468.2   493.4   523.1   564.9   701.1 14394.8 33263.2 40225.6   9256.0     9274
read      427.9   675.5   160.7   213.0   227.6   352.4   434.8   480.0   509.3   543.8   591.3   714.3  1386.1  7267.2 30995.8  27205.0    27187
read      470.1   890.7   160.7   216.1   230.7   371.4   448.3   486.1   512.0   546.0   609.7   789.6  2605.8 10854.2 31968.1  18850.8    18735
read      427.1   578.1   160.7   216.8   232.0   358.9   427.3   469.8   503.9   546.4   607.6   723.6  1663.5  6581.5 29991.7  86382.5    86505
read      449.5   660.4   160.7   222.9   241.7   380.5   453.0   499.5   536.3   583.8   652.4   784.7  1734.8  5326.3 20933.5  92998.0    93039
read      414.9   497.6   160.7   212.9   227.6   351.8   422.8   466.8   501.4   544.0   608.2   740.1  1689.3  2975.4  9640.2  76138.0    75999
read      409.2   596.6   160.7   211.9   226.1   344.2   422.6   469.3   501.8   536.5   579.7   655.1  1177.4  7651.3 30935.0  32236.8    32324
read      422.1   538.6   160.7   214.3   229.7   355.8   424.9   466.4   499.0   539.4   594.5   694.1  1661.4  6321.5 30305.4  84271.2    84255
read      451.0   736.8   160.7   219.0   234.9   367.6   441.6   487.6   522.8   567.6   628.6   735.6  1712.9  9283.1 31080.9  81913.8    81759
read      407.7   302.8   160.7   214.2   228.3   359.8   434.5   481.0   514.0   552.1   605.4   694.7  1265.0  3080.9 10588.0  37289.8    37291
read      421.1   432.5   160.7   213.3   227.7   361.4   435.9   482.5   517.4   559.6   621.8   733.0  1508.0  4498.7 14499.6  53766.8    53818
read      418.8   518.6   160.7   213.2   227.6   351.2   430.1   475.8   507.4   542.8   587.5   675.0  1369.2  6702.0 21848.8  30437.0    30297
read      395.6   421.1   160.7   211.8   226.0   343.1   421.4   467.1   498.5   532.8   576.0   647.8  1136.0  5152.7 15188.3  31476.8    31569
read      408.2   310.3   160.7   213.6   227.9   359.7   434.8   481.2   515.0   554.3   606.8   692.7  1243.3  3447.2  9392.0  38968.2    38927
read      738.7  2395.6   160.7   216.1   233.6   380.2   451.3   492.7   522.1   555.8   610.6   813.1 12755.1 32120.0 41780.5  10648.0    10652
read      471.4   650.3   160.7   221.9   241.8   389.1   463.6   513.7   554.8   609.0   683.1   812.7  1820.3  8249.8 31336.9  97941.2    98119
read      407.6   301.3   160.7   211.5   225.8   356.2   430.8   476.6   511.3   551.4   607.2   704.6  1378.3  3161.5  8625.0  48172.2    48176
read      402.0  1001.7   160.7   211.7   226.1   347.1   423.5   470.6   504.6   541.6   588.3   671.8  1258.6  3083.2 10265.3  34887.8    34929
read      416.6  1340.1   160.7   211.4   225.8   345.1   414.2   456.5   489.5   531.2   588.3   699.3  1622.6  4347.3 30152.3  69651.5    69735
read      398.3   830.1   160.7   214.3   228.4   358.2   434.9   471.6   494.9   520.9   552.6   620.6  1025.0  4210.7 23391.5  20726.8    20753
read      433.9  2918.4   160.7   210.7   224.8   334.7   399.1   438.3   469.0   508.0   565.2   682.1  1599.1  4582.7 209800.9  84851.5    84642
read      467.6  3522.4   160.7   211.3   225.1   346.9   422.3   469.0   503.8   544.0   596.3   691.5  1234.8  7513.7 214253.4  42441.5    42333
read      459.8  3382.1   160.7   209.4   223.1   338.5   409.7   456.1   491.7   535.7   594.8   722.8  1541.4  5546.0 213894.3  61663.8    61587
read      421.0  2418.9   160.7   209.9   223.9   335.3   399.2   437.7   468.4   506.6   559.3   659.2  1517.0  4979.2 200339.6  77954.2    77998
read      452.2  1989.2   160.7   220.5   238.0   368.4   437.5   482.0   516.3   559.6   620.3   729.8  1571.3  8422.8 39448.5  97542.8    97625
read      417.9  2140.7   160.7   214.1   228.2   351.1   432.5   473.3   500.4   531.1   570.4   641.5  1048.6  4064.3 191966.8  23688.2    23781
read      442.8  2882.8   160.7   209.5   223.1   337.5   407.6   452.4   486.9   529.9   589.4   714.4  1553.7  6205.7 210497.0  66790.2    66723
read      431.9  2836.2   160.7   212.5   226.2   341.5   421.5   468.3   499.9   534.1   577.8   657.6  1107.3  5021.6 202521.8  31023.0    31016
read      419.1  1705.6   160.7   212.0   226.3   353.4   426.7   471.6   506.2   545.9   598.8   689.1  1306.4  3677.7 30199.4  46974.8    47394
read      434.0  1500.2   160.7   219.0   235.3   362.3   429.1   470.1   503.2   544.1   602.3   702.9  1468.2  6408.4 32031.9  95491.8    95335
read      702.7  3274.9   160.7   226.3   250.5   344.2   381.7   402.5   420.5   441.2   475.7   605.1 11973.0 35347.5 51511.0   5263.8     5252
read      447.2  1974.3   160.7   213.4   227.9   354.3   429.8   476.7   514.1   562.2   633.7   807.7  1731.2  4815.1 30648.7  65838.8    65908
read      462.3  1669.3   160.7   219.3   234.4   384.8   456.1   493.9   522.7   561.4   627.8   761.1  1664.5  6770.3 36967.8  16808.0    16889
read      431.5  1490.1   160.7   211.9   226.5   356.1   432.8   481.5   517.9   560.3   621.8   743.1  1483.6  4993.7 31165.1  42566.2    42912
read      457.2  1268.3   160.7   224.0   244.4   386.2   457.7   503.7   540.6   587.4   651.1   752.9  1562.9  7098.0 31198.3  99648.5    99898
read      409.3  1339.0   160.7   215.2   229.5   354.1   435.9   479.7   507.7   539.7   582.0   662.0  1092.2  4450.8 19640.9  26407.8    26385
read      391.3   348.7   160.7   213.9   227.9   350.9   431.3   469.1   493.9   521.1   552.7   621.2  1034.0  4395.5 12912.6  22508.5    22616
read      415.2   947.3   160.7   211.3   225.7   354.5   428.0   472.9   507.6   547.0   601.5   695.4  1279.9  5968.6 30808.4  50610.0    50605
read      413.7  1217.0   160.7   214.8   230.3   351.7   416.6   456.8   488.2   527.9   583.2   680.4  1478.1  5638.3 20436.9  90194.0    90283
read      403.8   765.9   160.7   213.3   227.7   348.5   431.0   474.0   502.9   535.0   576.2   651.4  1170.9  6086.8 12151.0  26497.2    26273
read      404.1   339.8   160.7   211.3   225.6   356.0   429.8   475.6   510.0   549.9   606.3   700.4  1241.5  3012.5  9733.3  48553.2    48521
read      410.3   632.8   160.7   214.2   229.0   358.2   438.4   485.3   518.5   556.3   606.7   691.5  1247.0  3707.2  8994.3  34198.5    34058
read      412.0  1019.1   160.7   210.5   225.0   342.8   411.2   453.5   486.4   527.9   585.8   705.0  1658.7  5050.9 22822.5  75710.8    75648
read      422.8   872.3   160.7   215.4   229.5   365.5   440.3   476.2   502.1   533.5   578.3   688.9  1363.0  5869.5 28017.9  19550.8    19482
read      439.7   461.8   160.7   218.3   233.2   382.7   452.3   492.8   525.3   567.9   629.4   743.3  1521.5  5001.9 20493.8  15006.5    15054
read      417.1   446.5   160.7   211.4   226.0   347.9   418.4   461.5   495.6   538.8   602.3   738.4  1649.3  5507.7 11882.1  75758.8    75754
read      556.7  1895.3   173.5   233.5   258.3   351.4   391.0   414.5   431.9   454.3   484.9   561.0  6400.4 31593.3 37094.1   5244.8     5187
read      529.3  1745.6   160.7   217.9   232.6   386.8   462.5   505.6   542.1   600.9   708.9   904.1  3253.7 16688.5 37924.5  17563.0    17656
read      427.1   765.1   160.7   217.8   234.8   363.4   429.3   470.3   503.2   543.5   600.8   700.1  1208.1  7539.1 30970.8  96419.2    96343
read      421.4   514.4   160.7   211.3   226.0   352.5   430.0   478.2   512.2   550.9   604.8   711.7  1410.1  6582.2 24169.4  36812.0    36665
read      367.9   819.3   160.7   209.6   223.9   333.4   395.5   431.7   459.6   493.1   536.1   605.0   798.1  1837.3  5523.8  85190.0    85269
read      402.0   426.5   160.7   213.1   228.5   354.9   435.1   478.3   505.5   535.0   572.3   638.6  1054.2  4945.6 13819.2  31586.5    31525
read      396.9   774.0   160.7   211.4   225.7   350.0   423.0   467.1   500.6   539.6   590.4   681.3  1019.0  3108.9  8127.4  61990.5    61798
read      478.8   938.5   160.7   219.9   235.9   380.6   441.3   477.0   505.2   544.2   606.2   748.0  2826.9  7712.8 36693.2  12164.5    12253
read      383.4   212.9   160.7   210.8   224.8   342.4   427.3   469.5   496.9   527.0   563.9   632.0   992.0  2220.9  6950.5  25799.5    25710
read      395.5   444.8   160.7   210.4   225.0   343.6   411.5   453.5   485.7   525.3   579.6   684.1  1501.9  2776.1  7168.7  79938.0    79937
read      703.0  2449.8   160.7   221.7   241.8   366.0   418.1   448.2   468.9   495.9   533.7   642.5 10228.2 35444.3 39860.3   7320.8     7271
read      445.9   418.0   160.7   214.9   230.8   365.9   439.2   485.0   520.9   569.2   643.3   869.9  1816.4  4393.9 12263.3  85344.8    85861
read      408.5   299.5   160.7   216.8   232.4   357.9   424.7   465.4   497.8   537.8   593.0   696.5  1534.1  2905.1  9348.8  91389.8    91467
read      391.5   613.7   160.7   208.9   223.0   339.9   406.4   447.8   479.8   519.8   574.6   677.5  1360.7  2957.5  9779.3  72178.2    72217
read      384.8   266.8   160.7   209.9   224.1   339.7   418.0   465.0   495.8   529.0   569.8   638.4  1052.5  2550.0  8927.2  31039.8    31080
read      395.0   308.9   148.8   209.0   223.4   340.8   406.8   448.4   480.0   520.3   578.1   691.4  1522.2  2938.2  7074.8  77066.8    76878
read      397.4   298.2   160.7   212.9   228.0   347.5   413.7   455.0   486.5   526.1   581.7   681.0  1448.1  2988.0  9172.3  84567.0    84584
read      478.7   826.9   160.7   218.9   234.9   378.2   439.4   477.4   512.3   561.6   634.3   805.7  3046.5  6127.4 32073.3  12486.2    12492
read      399.6   277.5   160.7   211.0   225.3   352.1   426.4   470.9   504.8   544.3   597.4   689.7  1216.2  2994.6  9291.3  57156.5    57106
read      397.1   331.7   160.7   213.6   229.2   349.2   412.1   450.3   479.4   516.9   570.8   672.4  1404.5  3110.8 10636.1  95807.5    96245
read      698.4  2459.7   173.5   223.5   244.3   359.7   407.6   435.7   458.1   484.3   520.5   633.3 11013.8 32515.3 37851.2   6815.5     6791
read      472.0   499.2   160.7   222.0   240.4   383.6   459.0   507.1   546.5   598.4   680.8   938.8  1883.6  5608.7 16624.7  90457.5    90728
read      749.3  2644.4   173.5   234.5   259.9   349.8   388.6   411.6   430.5   455.6   494.7   732.4 11094.3 32345.7 41990.6   5167.2     5151
read      663.9   731.4   160.7   235.9   263.0   454.4   549.8   635.0   765.8  1356.0  1613.8  1804.8  2420.3  6330.4 28179.1  82687.0    82969
read      384.7   209.9   160.7   210.9   225.3   343.2   413.7   458.8   492.0   530.3   577.7   653.6  1064.3  1920.3  7236.2  42687.5    42635
read      432.1   388.0   160.7   222.0   240.7   376.8   444.7   489.2   524.3   569.8   633.9   754.3  1568.9  3205.2 12826.1  99141.0    99337
read      412.5   413.2   160.7   216.7   232.5   357.5   423.0   463.7   496.4   537.9   594.8   702.1  1530.7  3713.1 14581.7  94824.8    95192
read      386.4   288.5   160.7   209.1   223.0   338.8   408.2   451.7   484.6   524.8   577.8   674.3  1233.2  2311.7  7495.9  69125.0    69200
read      378.8   227.9   160.7   208.0   221.9   341.1   406.7   449.8   481.9   520.3   568.4   643.3  1015.5  1958.3  6781.3  49516.5    49459
read      402.2   584.6   160.7   212.1   226.3   342.3   422.6   467.5   497.3   529.7   569.0   632.0  1035.0  8613.2 29494.0  29176.0    29055
read      397.7   337.0   160.7   210.5   224.6   345.3   416.9   460.2   493.9   534.9   590.3   692.9  1342.1  2941.9 11422.6  64083.5    64324
read      712.6  2565.0   173.5   225.9   249.2   351.2   393.6   419.3   437.5   462.2   497.2   588.5 11256.0 36136.5 52590.7   5722.0     5705
read      444.8   420.9   160.7   213.8   229.5   361.2   435.4   481.9   517.5   563.7   637.5   893.3  1948.3  3992.7  9112.9  84472.2    84816
read      388.0   342.2   160.7   213.0   227.2   348.8   430.5   469.9   495.8   524.2   558.3   623.0   935.2  3803.9 12215.5  23660.0    23714
read      394.5   318.1   160.7   210.3   224.7   342.0   410.9   453.9   486.9   527.9   583.3   684.2  1368.0  3016.0  9182.1  73821.5    74116
read      449.7   573.1   160.7   214.2   228.7   372.3   450.8   490.3   518.7   555.4   629.7   806.2  1746.6  7689.8 15866.1  20045.2    19948
read      418.0   456.7   160.7   211.6   226.3   355.2   428.8   475.9   511.4   551.9   608.6   714.6  1476.4  5795.0 19981.6  44193.2    44213
read      440.6   447.6   160.7   214.0   228.8   378.6   457.6   498.0   529.1   574.0   662.8   823.3  1441.0  5135.7 19347.7  19390.5    19454
read      700.0  2345.6   173.5   220.7   240.4   362.8   416.1   447.5   469.8   500.1   542.4   806.6  9471.2 32105.7 39518.3   7180.8     7190
read      431.2   495.5   160.7   211.3   225.9   359.0   434.2   482.2   518.6   562.8   626.8   771.2  1651.4  6240.4 16188.9  47362.8    47657
read      389.7   233.8   160.7   209.8   224.2   348.7   421.6   466.4   499.5   537.8   586.6   667.7  1066.2  2162.1  7560.2  44405.5    44399
read      737.3  2611.7   160.7   225.0   247.2   358.3   406.5   436.1   457.3   482.0   518.1   639.7 11347.6 33658.7 40631.0   6423.0     6481
read      485.3  1526.6   160.7   229.5   254.6   354.8   392.3   413.0   428.5   447.5   470.6   522.2  3531.0 31259.5 37667.3   5849.8     5807
read      600.9   582.8   160.7   230.2   254.8   429.0   518.0   588.3   661.2   836.1  1508.7  1722.7  2191.1  4010.6 16636.6  82888.8    83137
read      454.1   774.6   160.7   223.3   242.0   380.5   445.9   485.1   512.4   543.8   585.3   652.3  1597.8  9001.6 33133.5   9572.8     9580
read      405.0   366.5   160.7   209.9   224.5   346.1   423.1   470.8   506.1   545.4   596.3   698.6  1328.0  4577.7 11112.7  37277.5    37385
read      390.6   241.4   148.8   210.3   224.8   348.8   427.4   473.5   505.6   540.7   584.8   659.8  1020.9  1811.7  9708.0  33588.2    33706
read      406.6   443.4   160.7   210.2   225.0   349.1   428.5   476.2   509.4   547.2   597.4   693.3  1250.4  4167.9 12321.0  35272.0    35204
read      393.3   277.4   160.7   209.3   223.5   348.7   421.9   466.2   500.1   539.7   590.2   678.9  1161.2  2263.1 10341.6  50340.5    50438
read      390.7   297.5   160.7   209.5   223.5   350.4   422.1   465.9   498.9   537.3   586.3   669.0   999.0  2403.4  8458.6  48913.2    48878
read      391.1   252.4   160.7   211.1   225.3   351.3   423.9   469.2   502.2   541.0   589.4   670.3  1037.1  1994.2  6618.7  42714.0    42682
read      393.5   405.8   160.7   212.7   227.3   348.0   430.6   474.8   503.8   535.0   573.4   637.2  1004.9  3797.2 12910.9  27525.8    27416
read      392.4   256.4   160.7   211.2   225.6   346.4   417.9   461.3   494.6   534.9   587.9   681.4  1186.9  2558.6  9899.9  64649.8    64424
read      392.7   276.0   160.7   209.8   223.8   344.0   414.3   457.2   489.5   528.6   582.3   679.9  1296.2  3239.5  7561.3  64271.8    64364
read      559.9  1914.8   173.5   231.4   256.5   353.4   396.1   421.1   438.5   461.4   493.9   577.9  5711.6 32428.4 37906.2   5508.5     5481
read      402.7   412.7   160.7   212.1   226.3   347.3   432.8   476.1   505.2   537.9   580.8   678.4  1209.3  4000.5 19944.1  26133.5    26227
read      381.6   266.3   160.7   212.3   226.6   343.7   425.1   467.4   494.9   524.8   560.3   619.7   866.6  1480.8 10530.3  26619.5    26586
read      395.5   256.3   160.7   212.8   227.6   347.5   414.4   455.6   487.2   526.3   580.7   683.0  1482.9  2309.1  7820.8  86320.0    86286
read      382.5   273.5   160.7   212.4   226.2   344.4   425.7   465.8   491.8   520.1   553.9   616.0   915.1  2584.6 13536.2  24498.0    24452
read      385.8   353.3   160.7   212.0   225.8   340.2   423.2   466.4   494.1   524.1   559.9   620.6   924.6  4511.7 12746.7  26918.8    26832
read      377.4   238.3   160.7   210.5   224.6   337.1   418.7   464.3   494.2   526.0   563.2   622.8   871.4  1464.4  7743.7  29838.5    29795
read      390.4   319.3   160.7   209.7   223.7   344.7   416.6   461.7   495.2   534.1   583.3   666.1  1165.8  2307.3 11028.1  46237.8    46224
read      390.3   294.4   160.7   212.1   226.6   343.2   408.0   448.0   478.0   516.2   568.9   658.5  1311.0  3371.0  8240.2  84224.0    84587
read      393.1   246.8   160.7   210.0   224.1   346.5   419.0   462.9   496.0   535.6   588.6   684.5  1215.8  2546.4  7088.6  63514.0    63389
read      383.9   226.1   160.7   209.1   223.1   346.0   416.6   460.4   493.3   531.4   579.8   657.1   937.0  1968.5  8266.3  47071.2    46953
read      389.2   303.0   160.7   212.3   227.3   344.0   406.1   444.6   473.0   509.4   559.7   647.9  1339.1  3800.8  8361.4  90496.2    90536
read      490.1   895.9   160.7   218.8   233.8   378.0   440.1   481.4   515.3   566.1   641.1   802.4  3194.5  7871.1 31856.5  12472.5    12508
read      411.6   408.7   160.7   210.9   225.6   351.2   428.0   475.7   509.9   548.9   602.5   711.2  1405.7  4616.2 10891.8  38606.2    38491
read      402.5   285.9   160.7   215.6   231.7   355.7   419.3   458.5   489.4   528.4   582.5   682.7  1444.5  3124.5  6917.0  97699.0    97806
read      464.2   794.4   160.7   220.0   237.2   380.1   443.5   482.6   512.8   549.3   604.9   698.7  2653.2  9358.6 35713.8  11863.2    11813
read      464.9   556.8   160.7   211.3   226.6   359.0   451.9   511.5   557.4   623.6   749.9   974.0  1668.2  7537.2 20669.7  39469.5    39665
read      386.0   212.7   160.7   209.2   223.3   347.7   417.7   460.1   492.7   531.1   580.2   664.0  1044.7  1970.8  7890.1  53263.2    53571
read      390.6   247.8   160.7   210.3   224.5   346.1   417.6   461.4   495.2   535.7   588.2   679.3  1151.6  2321.5  7232.3  63166.8    63215
read      381.2   263.8   148.8   208.7   222.8   336.1   401.0   440.6   470.4   508.3   560.2   653.6  1232.9  2677.5  6964.2  78570.5    78767
read      449.6   916.9   160.7   223.2   242.2   376.2   428.2   457.5   477.9   502.1   535.2   591.1  1696.8 10032.8 39593.9   8634.5     8615
read      499.4   512.3   160.7   214.7   230.3   373.6   457.5   508.8   550.5   613.3   740.8  1599.2  2070.5  5296.1 14480.7  67736.0    67903
read      449.1   520.6   160.7   215.6   230.6   382.4   452.7   493.0   525.9   576.5   664.9   803.8  1806.2  5048.4 28383.9  16380.2    16398
read      389.1   515.0   160.7   209.3   223.6   347.9   418.5   461.5   493.7   531.6   580.2   657.5  1013.9  2745.4  6933.0  53154.8    53434
read      383.6   215.3   160.7   209.3   223.9   345.2   418.0   463.6   496.5   533.1   577.5   646.3   911.7  1760.6  7370.0  38244.5    38068
read      508.9  1323.4   160.7   215.7   233.9   368.3   432.1   467.2   491.9   519.7   554.4   629.5  4518.5 27967.8 35875.7   9165.8     9130
read      403.3   409.6   160.7   209.4   223.7   341.8   411.1   454.2   487.3   529.1   585.1   699.5  1573.4  4002.9 10949.6  69043.5    69227
read      385.1   577.3   160.7   208.8   223.4   344.2   418.3   464.0   496.5   532.3   576.0   643.9   910.8  2064.8  7995.3  37385.5    37496
read      390.9   438.9   160.7   213.6   228.4   346.7   414.3   455.1   485.8   523.4   574.1   660.2  1103.3  3065.5  7766.5  83906.2    83925
read      383.5   285.3   160.7   207.5   221.4   342.6   412.5   454.8   486.7   524.4   572.1   648.1  1039.9  2508.3  9173.9  51135.0    51037
read      370.6   226.1   160.7   206.8   220.7   333.7   406.2   452.1   483.2   517.6   556.6   615.5   793.0  1554.8  8711.1  33412.0    33690
read      390.0   223.7   160.7   209.7   224.1   353.2   426.0   469.6   502.5   540.8   589.9   672.0   927.4  2115.1  8107.4  51316.5    51474
read      440.0   344.8   160.7   222.3   239.7   386.9   471.9   525.0   565.0   614.2   677.9   780.1  1176.4  2899.9 10903.4  73887.2    73708
read      385.5   215.6   160.7   218.7   234.5   352.7   413.8   450.4   478.1   512.9   560.9   641.5   873.3  2074.1  7619.0  98728.0    98618
read      363.8   395.2   160.7   209.0   223.3   334.3   398.4   435.9   464.4   498.1   539.7   604.6   754.8  1147.3  6875.8  81977.8    81977
read      356.7   166.8   160.7   208.9   223.3   329.6   388.9   423.1   449.3   481.3   523.2   588.2   737.3  1183.7  7361.8  91562.8    91567
read      377.0   200.6   148.8   210.2   225.0   349.8   420.3   460.4   489.4   521.6   558.6   615.9   759.2  1319.8  8909.7  48726.0    48236
read      362.0   214.6   160.7   210.7   225.3   334.4   394.0   429.0   456.1   489.0   531.4   595.6   749.8  1209.2  6750.8  91896.5    91726
read      372.4   180.5   160.7   208.9   223.3   345.1   415.0   456.0   485.2   517.3   553.4   610.1   761.8  1282.2  5555.6  52408.5    52458
read      360.1   158.7   148.8   207.1   221.0   330.7   396.6   435.0   464.4   498.6   538.6   594.1   734.3  1357.4  5973.5  70357.2    70467
read      363.8   178.2   160.7   207.6   221.9   334.5   400.5   439.5   468.1   502.1   542.5   604.6   757.9  1243.2  5932.8  70841.0    71151
read      364.6   173.3   160.7   208.0   222.0   336.0   402.1   441.4   470.5   504.6   543.6   600.3   747.7  1263.5  4637.6  64878.0    65016
read      376.2   176.3   148.8   210.5   225.3   349.3   420.5   461.8   490.5   521.5   556.0   607.2   745.9  1348.8  6473.8  42130.8    42057
read      364.0   151.7   148.8   209.5   223.8   335.0   400.1   438.1   467.0   500.9   542.9   607.1   758.2  1206.4  3896.2  78899.8    78821
read      371.6   182.5   160.7   209.5   224.1   342.4   412.3   453.3   482.8   515.7   553.4   614.0   769.3  1266.3  4722.3  60571.2    60720
read      382.7   212.5   160.7   215.5   230.5   354.5   426.0   466.8   495.5   525.7   559.3   611.4   762.9  1432.1  9264.1  39947.2    39911
read      368.9   275.9   160.7   228.7   247.0   360.3   396.7   415.4   428.2   443.5   464.0   497.3   592.1  3931.4 11724.3  10662.5    10628
read      367.9   175.1   160.7   210.5   225.1   337.3   403.7   443.3   472.2   506.9   548.9   617.1   779.8  1183.7  5761.8  73715.5    73736
read      351.2   214.5   160.7   232.0   252.8   343.1   370.2   385.0   394.9   404.9   424.0   452.3   552.8  3864.6  8192.8   7294.0     7334
read      363.5   194.2   160.7   211.4   225.8   335.5   395.4   430.0   456.8   489.3   531.4   596.0   765.5  1613.1  6748.1  91679.2    91868
read      362.0   177.2   148.8   207.6   221.7   332.6   398.0   435.6   464.5   498.4   539.7   601.9   747.7  1188.5  7607.6  76747.5    76670
read      361.4   279.2   160.7   222.7   239.2   355.1   390.8   408.0   421.0   434.0   454.4   484.1   573.9  3188.9 12833.4  10430.8    10405
read      373.3   239.3   160.7   212.5   227.4   345.7   421.2   457.7   480.6   504.0   532.3   573.5   708.1  2558.3  9734.7  26029.8    26019
read      373.0   190.8   160.7   209.5   224.1   346.5   415.8   456.0   485.0   517.5   554.7   612.2   758.8  1281.5  4328.4  55528.8    55530
read      373.1   226.6   160.7   211.9   226.6   343.1   420.1   460.6   486.1   511.8   541.1   584.3   714.9  1361.1  8808.4  29677.5    29615
read      367.0   184.3   160.7   208.2   222.4   337.3   404.5   444.8   473.8   507.1   546.4   607.9   760.0  1279.1  6962.1  66000.2    66057
read      372.7   220.4   160.7   209.5   223.7   344.8   413.0   452.8   481.5   513.7   550.5   606.1   745.1  1505.0  9612.3  55306.5    55281
read      372.5   226.8   160.7   215.9   230.4   354.6   424.6   455.8   475.4   496.9   522.3   556.2   664.6  1370.5 12806.6  21141.2    21177
read      361.3   174.5   160.7   210.7   225.2   334.1   394.9   430.4   457.6   490.3   532.3   594.9   746.2  1132.7  5444.8  88457.2    88239
read      364.8   222.7   160.7   208.0   222.2   333.5   399.9   438.7   468.0   501.8   541.6   602.1   751.2  1342.4  9472.3  70150.8    70227
read      371.3   186.0   160.7   214.2   229.1   349.1   423.7   457.2   478.1   500.4   526.9   563.7   671.0  1417.2  7091.0  23482.5    23421
read      358.2   167.6   160.7   211.2   225.9   332.8   389.8   423.1   448.6   479.0   518.6   581.0   730.3  1385.9  5483.4  97046.0    97104
read      358.4   637.9   173.5   230.2   252.0   332.6   357.9   370.8   381.1   393.5   407.6   434.7   563.6  7759.5 31016.2   6259.5     6235
read      370.3   234.2   160.7   209.3   223.6   341.9   409.9   450.7   480.4   513.8   552.7   614.2   746.3  1168.1  5251.7  14253.0    58045

Total QPS = 50496.2 (43679256 / 865.0s)

Total connections = 64
Misses = 0 (0.0%)
Skipped TXs = 0 (0.0%)

RX 10788776479 bytes :   11.9 MB/s
TX          0 bytes :    0.0 MB/s
Warning! Detected max cpu usage > 95%
CPU Usage Stats (avg/min/max): 100.00%,49.75%,100.00%

