Random waveform, supplied seed
Total number of intervals = 85 (7434, 67201, 85927, 63953, 31595, 87879, 7287, 62295, 6561, 22532, 60653, 59076, 60154, 22964, 8172, 27652, 37594, 24367, 33771, 84944, 85666, 51918, 34406, 28664, 38289, 20658, 13840, 93419, 98284, 71313, 42089, 46458, 30755, 42889, 93552, 65694, 29574, 51355, 67361, 16287, 81508, 87619, 99068, 51267, 11822, 97494, 97350, 55460, 85984, 82043, 52873, 13911, 49984, 9274, 27187, 18735, 86505, 93039, 75999, 32324, 84255, 81759, 37291, 53818, 30297, 31569, 38927, 10652, 98119, 48176, 34929, 69735, 20753, 84642, 42333, 61587, 77998, 97625, 23781, 66723, 31016, 47394, 95335, 5252, 65908)
Average QPS expected = 52162
Timestamp start: 1715285329760
Timestamp end: 1715286175263

#type       avg     std     min      p5     p10     p50     p67     p75     p80     p85     p90     p95     p99    p999   p9999      QPS   target
read      463.6  1197.2   160.7   221.1   240.1   364.2   409.1   434.1   452.9   472.7   503.8   565.2  1906.0 18715.2 38186.6   7422.7     7434
read      480.6   670.8   160.7   215.1   230.6   346.7   417.8   468.3   513.4   582.2   753.5   929.9  2154.4  8625.3 30169.2  67055.7    67201
read      384.0   222.3   160.7   214.2   229.1   347.4   411.9   451.0   480.9   518.5   569.3   657.1   915.2  2134.6  7147.3  85877.8    85927
read      378.5   209.5   160.7   210.2   224.3   342.9   411.1   452.2   482.8   519.3   566.4   644.3   870.1  1791.2  6849.5  63973.5    63953
read      387.4   257.2   160.7   213.5   227.9   349.6   427.1   470.0   498.6   529.5   567.9   635.1   869.8  2773.6  9600.9  31575.9    31595
read      368.8   192.3   160.7   211.1   225.6   337.2   398.0   433.8   462.0   496.5   542.0   619.8   834.1  1630.9  6838.8  87846.8    87879
read      935.5  3273.0   173.5   219.4   238.2   362.6   414.3   443.9   465.6   493.8   536.3  1337.4 16915.3 36909.3 40949.2   7260.1     7287
read      413.7   348.5   160.7   214.2   228.4   356.8   431.0   476.8   511.4   554.4   616.0   734.1  1441.4  3234.6 11060.6  62200.9    62295
read      699.5  2464.1   160.7   221.1   243.5   360.8   405.8   432.1   452.4   476.0   513.7   664.6 12533.1 35712.5 43945.4   6574.0     6561
read      400.8   374.6   160.7   214.5   228.4   358.1   437.2   476.8   502.9   532.6   570.7   644.3  1113.1  4546.1 13060.0  22581.3    22532
read      406.7   299.8   160.7   212.2   226.5   353.5   424.8   468.0   502.5   544.4   604.4   718.5  1453.6  2896.6 10154.5  60594.0    60653
read      421.6   341.4   160.7   214.4   228.7   362.5   436.8   483.9   520.0   565.1   630.6   765.6  1521.2  3161.4 11071.8  59026.4    59076
read      410.9   297.8   160.7   212.9   227.2   357.7   429.5   472.9   507.9   550.7   613.7   731.6  1456.9  2808.3  9916.7  60185.6    60154
read      393.9   316.7   160.7   215.2   228.9   355.2   435.0   474.9   501.5   531.2   568.4   634.9  1000.1  3082.5  9386.5  22912.7    22964
read      457.9  1057.4   160.7   226.2   247.0   379.1   428.5   455.7   474.0   498.9   532.7   594.0  1408.2 14176.7 33944.3   8179.6     8172
read      415.2   533.4   160.7   215.5   229.9   354.7   437.0   483.9   515.3   548.8   594.9   691.8  1252.5  4969.3 23543.1  27640.8    27652
read      412.6   384.0   160.7   212.4   227.0   354.1   429.1   477.9   513.5   554.3   609.5   717.5  1340.2  4644.1 11675.1  37564.4    37594
read      391.6   307.2   160.7   213.6   227.5   349.2   429.2   470.7   498.3   528.9   567.1   635.5  1032.1  3060.6 11407.3  24360.1    24367
read      401.2   252.7   160.7   214.0   228.6   356.9   431.9   478.8   511.9   548.7   596.9   683.4  1171.6  2368.5  9003.1  33789.4    33771
read      394.2   333.6   160.7   212.8   227.3   346.4   410.5   449.7   479.1   516.3   569.4   663.9  1366.6  3565.9 10529.2  84887.7    84944
read      407.0   357.3   160.7   214.7   230.0   353.9   421.7   463.2   496.3   537.7   594.8   709.2  1317.5  3814.8 12265.8  85589.2    85666
read      411.5   421.1   160.7   211.2   225.7   354.8   425.9   469.9   504.6   545.8   601.7   702.4  1437.0  4638.1 17666.2  51993.5    51918
read      405.0   439.1   160.7   211.8   226.4   350.7   427.1   474.2   507.1   543.5   589.0   672.3  1158.5  5900.8 14746.6  34426.7    34406
read      404.0   480.5   160.7   211.9   226.2   346.4   427.8   473.3   503.3   536.3   577.3   649.5  1151.5  6316.3 17091.5  28738.0    28664
read      399.6   354.4   160.7   210.9   225.4   350.6   423.4   470.0   503.9   541.8   588.8   672.1  1176.9  3823.2 13584.4  38235.5    38289
read      444.1   640.7   160.7   213.3   227.7   371.1   450.0   489.4   517.2   550.7   616.9   780.3  1873.8  6183.5 31542.0  20638.9    20658
read      521.0  1063.5   160.7   217.1   233.1   386.2   454.5   496.5   533.9   587.1   670.8   872.0  3426.8 13214.9 32441.8  13847.4    13840
read      409.1   475.6   160.7   215.1   230.6   353.4   417.0   456.4   487.4   527.1   581.9   683.7  1425.8  6075.8 25990.8  93500.4    93419
read      435.1   549.7   160.7   220.1   237.8   371.0   437.6   480.9   515.1   560.1   624.1   736.5  1623.3  6379.3 29963.3  98292.0    98284
read      409.7   488.2   148.8   210.6   224.8   345.3   414.5   457.3   490.3   531.1   587.0   693.3  1567.4  5881.1 20240.8  71343.5    71313
read      406.3   421.3   160.7   211.7   226.3   355.5   426.5   471.6   506.4   545.5   595.6   685.6  1243.0  4379.3 14119.9  42081.6    42089
read      403.2   369.0   160.7   210.3   224.7   353.5   423.9   468.8   503.5   543.0   593.9   685.8  1257.9  4173.9 11581.8  46555.6    46458
read      397.2   420.5   160.7   211.7   225.9   345.0   423.9   469.5   500.6   534.3   576.5   649.8  1115.7  4923.2 14697.5  30658.7    30755
read      399.1   359.3   160.7   210.5   224.8   352.0   422.8   468.2   503.0   542.1   591.4   677.5  1166.6  3654.3 12623.6  42858.0    42889
read      406.4   503.6   160.7   214.0   229.3   350.3   413.6   452.7   482.7   520.5   572.9   665.0  1467.4  6188.7 28839.7  93573.7    93552
read      399.4   378.7   160.7   209.9   224.0   345.1   413.6   456.2   488.9   529.0   583.4   686.1  1406.8  3922.2 10210.2  65676.9    65694
read      396.5   408.4   160.7   212.4   226.7   346.7   425.4   470.9   501.8   534.9   575.6   643.9  1069.7  4671.8 15191.0  29581.7    29574
read      401.9   384.1   160.7   209.8   224.0   350.5   419.0   462.8   497.4   537.5   589.0   682.3  1307.2  5308.8 11778.3  51244.6    51355
read      406.5   409.2   160.7   210.0   224.3   346.8   416.6   459.6   493.5   535.3   592.0   707.5  1550.9  4391.5 12830.0  67410.4    67361
read      501.6  1061.0   160.7   216.5   231.8   388.3   461.2   502.3   537.2   588.9   677.2   843.4  3221.6 11240.7 32947.3  16373.9    16287
read      416.5  1113.3   160.7   210.3   224.9   346.3   413.4   455.1   487.7   529.5   588.7   720.9  1704.5  4496.4 17733.3  81425.5    81508
read      415.0   541.7   160.7   215.0   230.4   356.2   422.4   463.1   495.5   535.9   591.7   695.9  1521.5  5254.6 26937.7  87582.6    87619
read      417.6   945.5   160.7   219.7   236.9   367.9   433.4   474.2   506.7   547.6   608.0   713.9  1175.5  3282.5 11501.6  99077.3    99068
read      396.5   642.2   160.7   209.9   224.1   350.4   420.8   465.3   499.5   539.5   591.1   685.5  1166.7  2365.8  9814.7  51233.9    51267
read      673.4  2051.6   160.7   217.8   235.1   392.3   473.3   522.3   555.3   594.7   649.5   789.4 10078.5 31671.6 37449.6  11754.8    11822
read      531.8   555.2   160.7   231.4   256.6   422.2   507.5   566.3   612.5   673.7   775.2   976.1  1988.3  6102.2 19550.4  97472.5    97494
read      404.2   347.7   148.8   215.6   231.4   353.5   415.5   454.2   484.6   523.9   579.0   679.9  1539.6  3627.2 11527.0  97268.1    97350
read      388.2   255.2   160.7   208.6   222.4   344.3   411.6   454.5   487.9   528.0   579.3   669.3  1186.6  2515.5  7868.5  55387.4    55460
read      392.8   320.5   148.8   211.4   226.0   342.8   405.5   443.6   472.9   511.5   564.8   663.3  1516.7  3308.7  9793.8  86162.7    85984
read      391.6   322.4   160.7   210.1   224.6   341.7   405.3   444.3   473.8   511.2   564.9   665.1  1474.9  3149.8  9071.3  82202.5    82043
read      385.3   232.4   160.7   208.9   222.9   345.6   413.9   457.2   490.8   530.4   580.1   663.9  1030.8  2078.0  6843.3  52824.2    52873
read      488.7   835.6   160.7   216.7   232.4   384.6   452.9   496.9   535.7   588.5   667.0   837.6  2757.7  9708.5 32213.5  13966.0    13911
read      387.8   309.2   160.7   208.2   222.1   344.1   410.8   454.0   487.5   527.6   577.7   662.5  1154.9  2506.0 10511.7  49846.0    49984
read      652.3  2091.1   160.7   220.3   237.9   381.4   446.8   483.9   508.8   539.0   580.2   679.9  9883.0 31837.4 40907.9   9291.8     9274
read      402.3   480.1   160.7   210.6   224.8   345.6   429.2   473.1   501.8   534.1   575.8   661.0  1151.6  6195.6 17548.2  27163.4    27187
read      454.4   539.4   160.7   213.1   228.2   381.8   457.5   499.3   534.6   586.7   676.3   834.4  1660.9  5919.9 21727.7  18746.1    18735
read      393.8   357.2   160.7   208.9   223.4   338.4   400.3   437.4   467.1   505.0   560.0   674.5  1557.7  3730.9  8907.5  86332.1    86505
read      386.6   355.6   160.7   210.6   225.6   340.5   401.3   438.0   466.9   503.1   551.6   639.3  1269.5  3880.3 11550.6  92908.3    93039
read      385.4   277.3   160.7   208.8   223.0   339.7   405.6   445.8   476.0   514.2   566.1   657.7  1319.3  2564.4  8464.0  76035.4    75999
read      381.1   291.5   160.7   209.0   223.2   337.6   414.1   460.9   492.3   525.8   565.1   628.2   916.4  2503.4 12283.3  32289.3    32324
read      388.5   291.4   160.7   210.1   224.6   341.0   404.2   443.4   472.5   510.4   563.4   658.0  1389.6  3512.8  9855.5  84264.5    84255
read      388.9   299.3   160.7   210.2   224.7   342.1   406.1   445.9   475.8   513.9   566.7   661.0  1355.8  3498.7  8807.6  81803.0    81759
read      388.1   280.9   160.7   209.8   224.1   345.2   418.4   464.6   498.3   535.2   580.1   652.4   991.2  2232.0  9917.8  37295.7    37291
read      388.6   315.7   160.7   208.6   222.7   347.1   414.4   456.9   489.6   528.7   578.6   662.2  1077.1  2327.4  9996.2  53762.3    53818
read      382.0   268.9   160.7   209.3   223.7   340.1   418.5   464.1   494.3   526.9   566.0   628.3   925.4  2139.8  9908.3  30361.6    30297
read      376.2   257.8   160.7   207.9   221.9   334.7   412.1   458.8   489.6   522.3   559.6   620.9   891.6  1804.3 10189.3  31587.5    31569
read      384.2   277.4   160.7   208.6   222.9   340.9   411.2   458.5   491.9   528.7   573.8   643.3   980.8  2749.9  9379.5  38919.0    38927
read      554.6  1403.2   160.7   221.3   239.7   393.2   467.4   509.5   539.4   574.7   623.8   715.2  5533.3 28189.5 36127.0  10657.9    10652
read      432.1   409.6   160.7   220.1   238.3   370.9   437.7   480.9   514.2   557.0   618.7   736.3  1678.9  4363.1 12510.3  98039.6    98119
read      384.9   241.9   160.7   207.7   221.7   345.0   412.6   456.2   489.3   528.3   577.1   658.3  1053.8  2197.1  7797.2  48210.0    48176
read      383.0   290.2   160.7   208.8   223.0   339.4   412.9   459.5   492.0   527.3   569.5   636.1   959.5  2486.4  9514.4  34917.6    34929
read      390.9   304.2   160.7   208.8   223.0   343.1   410.7   452.2   483.9   523.1   576.7   675.2  1269.1  2906.6  9893.6  69876.1    69735
read      446.9   598.5   160.7   212.3   226.9   373.0   454.0   496.5   529.5   576.0   661.9   817.9  1674.3  6141.3 30685.1  20740.6    20753
read      372.8   247.7   160.7   208.2   222.4   335.1   397.6   434.9   464.0   499.7   546.5   627.7   896.2  2714.2  6824.3  84487.6    84642
read      400.8   274.6   160.7   211.1   226.4   362.2   436.7   481.6   513.0   548.3   595.7   686.3   945.4  2614.0  9281.7  42409.5    42333
read      368.6   186.6   160.7   208.1   222.2   341.4   407.9   447.1   476.0   509.6   549.0   609.0   759.4  1254.2  6412.2  61534.4    61587
read      362.9   181.8   160.7   209.3   223.8   334.6   396.7   432.7   460.7   494.3   536.3   598.4   755.7  1346.1  7633.3  78102.3    77998
read      363.4   250.2   148.8   212.6   227.6   336.9   393.3   425.8   450.6   480.8   521.5   586.4   739.9  1312.9 12824.3  97625.6    97625
read      371.8   233.7   160.7   212.1   226.9   349.5   423.0   457.0   478.1   499.8   526.1   562.8   674.2  1489.4 11642.9  23855.5    23781
read      366.6   183.1   160.7   207.3   221.3   338.1   403.6   442.5   471.3   505.7   545.9   607.5   763.2  1380.4  6954.4  66685.4    66723
read      375.9   202.5   160.7   211.5   226.8   347.0   421.2   462.6   488.9   515.9   545.6   590.3   738.3  1516.3  7865.9  31079.2    31016
read      374.8   180.8   148.8   209.2   223.9   348.9   416.0   456.8   486.4   518.9   555.3   610.7   759.0  1409.1  6698.1  47414.7    47394
read      355.5   186.3   148.8   209.2   223.6   330.5   387.8   420.6   445.2   475.2   515.3   578.2   727.5  1202.9  7524.0  95262.5    95335
read      352.8   367.1   173.5   234.5   257.8   329.6   352.7   366.2   374.6   388.4   402.1   432.1   618.2  6600.4 12765.4   5257.5     5252
read      362.9   193.3   160.7   206.8   220.7   335.1   399.0   436.0   464.7   498.6   539.4   596.5   746.9  1407.3  8246.8  33007.9    65908

Total QPS = 52074.0 (44002568 / 845.0s)

Total connections = 64
Misses = 0 (0.0%)
Skipped TXs = 0 (0.0%)

RX 10868634790 bytes :   12.3 MB/s
TX          0 bytes :    0.0 MB/s
Warning! Detected max cpu usage > 95%
CPU Usage Stats (avg/min/max): 100.00%,49.75%,100.00%

