#type       avg     std     min      p5     p10     p50     p67     p75     p80     p85     p90     p95     p99    p999   p9999     QPS   target
read     2665.2  2991.6   202.4  1309.4  1376.2  2001.2  2104.2  2179.6  3780.7  3869.4  3958.0  4046.7 20930.0 32131.9 43840.9   4995.7     5000
read     2126.1  2162.9   187.4   301.8   352.2  2049.6  2148.7  2195.3  2337.2  3545.9  3809.4  3965.2  8266.7 30826.9 34654.7   9986.0    10000
read     1669.7  1506.0   173.5   294.2   348.9  1957.2  2117.3  2179.9  2250.4  2352.9  3121.3  3486.5  4035.6 20530.6 32761.3  14906.5    15000
read     1459.9  1379.3   173.5   288.1   337.7  1503.9  2095.4  2175.4  2247.9  2342.0  2551.8  3109.7  3931.2 18766.6 32341.6  19970.3    20000
read     1322.7  1418.5   173.5   304.3   355.0   761.5  1994.0  2123.8  2192.1  2307.9  2459.4  2820.3  4561.4 21859.5 33509.6  24970.2    25000
read     2882.2  4227.3   187.4   854.0   929.2  1168.5  2111.0  4807.0  4941.8  5076.6  5704.1  6358.9 30200.9 37450.1 45159.6  27369.2    30000
read     2960.3  4285.8   218.6   896.5   957.9  1186.4  2178.5  4841.9  4971.1  5100.3  5758.5  6396.1 30358.9 38184.3 51103.9  26908.6    35000
read     2981.6  4293.4   255.0   915.8   975.1  1210.5  2186.3  4837.5  4969.6  5101.7  5803.6  8587.0 30464.6 37504.4 47651.4  26776.0    40000
read     3019.6  4348.6   236.1   909.2   972.0  1238.4  2236.7  4852.3  4985.1  5117.9  5804.8  6455.5 30627.0 37804.8 50953.7  26476.2    45000
read     3044.1  4414.3   255.0   901.8   967.6  1241.9  2227.3  4849.5  4988.7  5127.9  5839.3  8805.2 30616.3 38200.8 51552.1  26406.4    50000
read     2906.5  4251.6   255.0   866.5   925.6  1172.3  2069.2  4803.9  4947.3  5090.8  5745.1  8216.7 30196.0 37438.3 44485.7  27464.8    55000
Warning! Detected max cpu usage > 95%
CPU Usage Stats (avg/min/max): 78.89%,4.52%,100.00%
