#type       avg     std     min      p5     p10     p50     p67     p75     p80     p85     p90     p95     p99    p999   p9999     QPS   target
read      601.5  1599.5   187.4   247.0   279.6   437.2   487.8   515.1   536.4   561.7   595.2   679.8  6035.6 30522.5 37639.6   5055.8     5000
read      558.5   705.2   173.5   243.4   272.9   499.5   588.2   638.7   677.9   721.3   773.5   854.6  1718.2  8182.0 31628.7   9947.4    10000
read      665.1   953.0   173.5   247.9   290.6   579.3   686.9   753.2   799.5   852.4   924.8  1034.6  2448.0 13415.4 36523.8  15079.0    15000
read      765.0  1424.7   173.5   245.6   279.3   596.2   725.9   805.7   867.6   949.2  1054.7  1237.6  5078.1 28006.7 37259.8  20035.4    20000
read      683.9   762.7   173.5   241.1   269.4   581.4   729.0   820.8   895.6   985.3  1092.9  1266.0  2056.4 10009.9 30452.3  24920.4    25000
read      689.4   646.5   173.5   243.0   275.1   631.4   776.8   853.4   913.2   986.8  1077.5  1216.8  1654.7  8279.4 29637.6  29852.4    30000
read      724.0   752.3   173.5   245.6   280.3   651.4   806.3   890.4   953.0  1024.0  1124.9  1281.3  1989.9 10143.7 30608.7  35033.2    35000
read      715.1   502.6   173.5   258.9   300.9   661.6   815.5   898.3   960.1  1033.7  1134.0  1288.3  1741.8  5283.6 16601.1  39966.1    40000
read     1003.2   981.4   173.5   302.9   391.2   920.8  1098.3  1170.8  1227.3  1299.9  1510.0  2079.6  2680.0 12769.5 34100.7  44729.4    45000
read     1469.3   968.7   173.5  1066.4  1114.8  1258.7  1331.7  1376.9  1468.0  2201.1  2375.8  2512.8  2765.6 17633.7 31284.8  45665.4    50000
read     1459.5  1179.9   173.5  1044.3  1090.1  1219.4  1275.2  1342.4  1438.5  2169.0  2310.4  2457.5  2752.2 21732.5 35067.3  46723.5    55000
Warning! Detected max cpu usage > 95%
CPU Usage Stats (avg/min/max): 79.47%,5.47%,100.00%
