#type       avg     std     min      p5     p10     p50     p67     p75     p80     p85     p90     p95     p99    p999   p9999     QPS   target
read      506.6   964.2   187.4   250.1   281.8   429.1   481.6   508.9   531.1   555.2   590.1   653.8  2393.9 11162.7 41539.5   4959.6     5000
read      638.1  1146.1   187.4   257.6   297.4   536.2   635.4   691.4   729.6   773.4   828.8   925.5  2897.5 15067.2 48882.4   9995.1    10000
read      705.0  1112.3   187.4   259.4   303.9   590.4   704.6   773.0   820.7   877.5   965.8  1095.9  3101.3 15909.0 32398.8  15019.6    15000
read      713.6  1005.8   187.4   248.8   281.4   589.4   733.1   822.4   891.2   975.9  1077.1  1244.8  2888.0 13229.5 31987.1  19810.6    20000
read      692.8   529.3   173.5   245.4   274.5   623.0   781.3   868.0   939.8  1024.7  1132.6  1302.5  1709.8  6925.4 19725.5  25044.2    25000
read      708.3   582.4   173.5   246.7   278.0   647.1   810.8   897.4   961.0  1038.6  1138.8  1285.6  1711.6  7665.7 23304.3  30039.6    30000
read      785.0   906.4   173.5   250.2   288.7   681.4   863.1   964.8  1039.2  1128.0  1242.6  1438.1  2279.2 13337.0 31653.3  34968.2    35000
read      713.7   540.2   173.5   248.5   282.4   616.6   786.8   894.6   984.5  1097.8  1247.5  1464.2  1890.8  5742.6 16269.0  40033.2    40000
read     1636.7  1239.2   202.4  1195.3  1229.5  1383.3  1460.0  1496.7  1588.7  2326.7  2618.1  2763.1  3185.9 23934.0 35185.6  41492.6    45000
read     1821.9  1407.7   187.4  1353.3  1402.7  1564.3  1625.4  1689.4  1729.3  1920.8  2867.5  3105.3  3514.2 27930.3 36825.4  37811.8    50000
read     1632.3  1282.9   187.4  1201.0  1235.9  1378.2  1450.1  1486.1  1555.7  2062.9  2605.9  2747.8  3185.2 24693.9 34406.8  41952.5    55000
Warning! Detected max cpu usage > 95%
CPU Usage Stats (avg/min/max): 79.80%,6.06%,100.00%
