#type       avg     std     min      p5     p10     p50     p67     p75     p80     p85     p90     p95     p99    p999   p9999     QPS   target
read      407.0   295.1   173.5   246.0   273.6   393.5   428.7   448.5   462.4   478.6   499.9   534.7   640.1  4899.1 10465.6   4963.2     5000
read      456.2   248.7   173.5   237.9   259.0   450.1   512.3   543.4   566.2   590.8   627.9   684.4   815.3  3774.5  9145.0   9982.2    10000
read      503.9   325.0   173.5   242.2   268.8   475.8   551.4   597.3   634.8   679.2   735.6   817.5  1053.7  4447.5 12696.8  14915.8    15000
read      545.8   296.0   173.5   241.5   271.1   518.3   601.4   656.5   701.8   757.8   824.3   921.3  1140.8  3832.7 10454.4  20035.6    20000
read      584.6   400.2   173.5   240.5   271.7   563.5   648.6   704.9   749.9   808.4   880.0   984.5  1148.5  4298.4 17248.7  24978.8    25000
read      605.2   390.1   173.5   239.9   268.1   574.9   684.8   750.8   800.8   861.6   941.9  1057.6  1276.3  4375.7 12727.4  29878.0    30000
read      597.7   494.2   173.5   239.6   263.7   523.0   662.3   758.9   826.7   901.3   999.1  1139.6  1426.0  5953.3 19205.5  34998.0    35000
read      619.3   425.4   173.5   242.5   271.2   570.7   703.1   781.3   836.9   904.0   997.4  1134.7  1434.1  4014.1 15973.1  39944.4    40000
read      647.2   439.7   173.5   255.8   291.4   594.6   733.5   813.5   870.3   941.5  1036.9  1174.3  1481.6  4402.2 15736.2  45090.0    45000
read     1251.2   837.5   173.5   523.4   698.4  1142.9  1233.6  1288.1  1381.5  1774.6  2090.3  2284.7  2538.0 12514.6 29062.8  48980.8    50000
read     1359.1   830.6   202.4   963.2  1021.1  1167.8  1240.3  1281.1  1391.5  2049.6  2195.3  2323.5  2539.1 12072.8 29838.2  49182.0    55000
Warning! Detected max cpu usage > 95%
CPU Usage Stats (avg/min/max): 78.17%,0.51%,100.00%
