#type       avg     std     min      p5     p10     p50     p67     p75     p80     p85     p90     p95     p99    p999   p9999     QPS   target
read     2501.0  2490.5   187.4  1305.7  1366.3  1994.1  2083.2  2162.0  3432.6  3848.9  3938.5  4028.1 13287.8 31932.2 40606.1   4962.4     5000
read     2085.5  2007.5   187.4   304.2   356.6  2042.2  2142.5  2189.7  2313.9  3516.2  3795.1  3960.3  7667.8 30274.4 34760.3   9937.0    10000
read     1696.3  1536.5   173.5   299.0   351.4  1967.8  2128.4  2190.3  2278.1  2407.2  3218.7  3628.4  4066.6 21162.8 32707.0  15016.7    15000
read     1481.8  1472.4   173.5   291.7   340.8  1528.8  2093.2  2175.7  2252.8  2352.2  2628.4  3171.9  4000.9 20369.7 35373.4  20064.4    20000
read     1287.3  1315.8   173.5   290.6   336.2   740.1  1985.3  2117.2  2187.0  2290.4  2421.0  2729.1  4164.4 16005.3 34700.1  24982.4    25000
read     2917.3  4211.9   173.5   847.6   927.5  1210.7  2148.6  4810.0  4955.7  5101.4  5716.9  6407.4 30080.6 37650.8 50902.2  26969.8    30000
read     3038.9  4375.9   218.6   916.3   980.2  1238.0  2227.4  4850.5  4983.9  5117.4  5829.0  6399.9 30298.1 37964.6 47213.2  26454.4    35000
read     2861.2  4212.1   218.6   892.8   945.7  1139.3  2021.0  4794.4  4929.6  5064.9  5738.0  6389.4 30289.4 37499.2 44102.1  27790.6    40000
read     3061.6  4407.4   236.1   914.0   977.3  1254.2  2252.8  4854.8  4997.8  5191.6  5871.8  8703.6 30443.4 38810.3 50309.1  26267.4    45000
read     2971.1  4213.5   202.4   910.6   966.1  1202.1  2207.5  4853.0  4978.1  5103.2  5766.6  8853.8 29883.1 37426.1 50557.7  26823.1    50000
read     2913.4  4231.0   218.6   902.6   955.2  1162.0  2124.5  4825.4  4950.9  5076.4  5716.2  8902.9 30137.5 37478.8 50751.5  27400.8    55000
Warning! Detected max cpu usage > 95%
CPU Usage Stats (avg/min/max): 81.72%,10.61%,100.00%
