#type       avg     std     min      p5     p10     p50     p67     p75     p80     p85     p90     p95     p99    p999   p9999     QPS   target
read      533.5  1259.7   187.4   248.8   277.2   424.8   476.0   503.9   525.9   550.3   588.0   656.6  3012.4 29113.6 34186.3   5057.0     5000
read      610.6  1100.1   187.4   252.8   286.7   509.7   607.9   666.2   706.8   751.8   807.1   906.5  2438.8 12750.4 37706.7   9960.8    10000
read      686.2   900.9   173.5   256.8   304.5   606.5   719.6   785.9   832.8   886.6   962.0  1077.8  2038.0 10763.1 36127.4  14874.0    15000
read      705.9   710.3   187.4   252.8   293.8   651.7   773.4   838.3   885.9   950.7  1034.2  1161.0  1736.9 11525.3 35138.4  19913.2    20000
read      785.6  1137.4   173.5   249.1   285.1   684.2   827.1   905.9   967.5  1041.4  1138.7  1292.6  2667.6 14210.1 35231.7  25098.4    25000
read      740.2   786.1   173.5   245.4   276.2   651.3   824.2   918.4   989.3  1074.7  1187.4  1370.9  2038.0 11442.8 31815.7  29882.2    30000
read      742.0   808.8   173.5   246.7   279.7   648.8   824.3   925.4  1000.8  1089.4  1211.0  1400.7  1977.0 11548.6 35244.3  34906.8    35000
read     1125.5  1033.6   173.5   359.1   484.8  1041.1  1238.1  1322.7  1377.1  1464.7  1652.4  2220.4  2886.4 15322.4 32430.8  40017.6    40000
read     1690.8  1280.6   187.4  1239.2  1294.7  1445.9  1503.1  1570.1  1612.1  2088.9  2692.2  2893.3  3362.2 25834.3 34791.9  40368.4    45000
read     1832.0  1523.9   187.4  1334.4  1393.7  1554.1  1614.4  1683.3  1728.9  1954.3  2856.1  3088.0  4019.2 28263.8 37326.2  37908.0    50000
read     1715.2  1298.7   187.4  1280.8  1305.8  1456.1  1525.0  1582.8  1626.4  2132.2  2713.8  2911.3  3468.6 24747.2 34805.9  40154.8    55000
Warning! Detected max cpu usage > 95%
CPU Usage Stats (avg/min/max): 79.27%,5.03%,100.00%
