#type       avg     std     min      p5     p10     p50     p67     p75     p80     p85     p90     p95     p99    p999   p9999     QPS   target
read      520.8   877.0   173.5   250.5   284.5   450.3   499.5   527.4   546.4   574.0   610.4   681.3  2400.2 10171.5 30738.6   4964.6     5000
read      623.3  1097.2   187.4   251.3   284.1   533.0   625.3   677.4   714.4   754.9   805.6   902.0  2576.9 14805.6 37008.5   9981.0    10000
read      672.1  1108.2   187.4   244.3   276.3   546.7   661.5   736.3   790.8   853.3   939.9  1079.9  3348.8 13418.5 37045.8  15070.0    15000
read      696.4   953.8   173.5   245.3   279.4   610.2   729.1   800.4   855.3   928.4  1017.3  1146.8  2204.1 15694.2 32317.2  20016.2    20000
read      683.7   623.6   173.5   246.0   278.9   638.2   766.1   836.9   890.7   959.6  1045.5  1174.3  1580.8  6847.3 30620.6  25062.0    25000
read      797.9  1032.2   173.5   256.6   296.8   692.2   843.2   929.1   997.6  1080.2  1185.1  1358.3  2737.3 13140.4 32319.7  29904.0    30000
read      676.8   469.7   173.5   245.8   275.4   614.5   769.9   855.3   920.2   998.7  1100.3  1262.7  1698.3  5322.8 14527.7  34889.2    35000
read      729.5   796.8   173.5   246.4   280.2   631.4   799.4   894.0   965.7  1051.0  1167.5  1374.4  2114.5 10177.6 32045.8  39971.5    40000
read      786.1   707.6   173.5   268.8   322.0   695.3   869.9   973.4  1045.9  1133.8  1259.5  1510.4  2133.0  9284.9 30218.5  44883.6    45000
read     1460.6  1074.6   173.5  1037.1  1092.2  1238.3  1301.8  1362.7  1455.9  2153.9  2327.1  2481.6  2769.1 19402.4 32457.3  46056.8    50000
read     1556.1  1126.4   187.4  1128.2  1185.9  1327.5  1383.8  1454.3  1515.9  2236.9  2483.6  2654.4  3017.0 20823.3 34989.4  43681.6    55000
Warning! Detected max cpu usage > 95%
CPU Usage Stats (avg/min/max): 79.90%,6.06%,100.00%
