#type       avg     std     min      p5     p10     p50     p67     p75     p80     p85     p90     p95     p99    p999   p9999     QPS   target
read     2518.5  2666.6   173.5  1298.4  1354.9  1992.3  2079.6  2159.2  3061.7  3846.6  3937.7  4028.8 14103.5 34075.2 38656.9   5050.2     5000
read     2025.4  1785.1   187.4   300.4   351.5  2033.1  2136.4  2184.6  2289.7  3441.5  3757.6  3938.2  4314.7 29040.9 34388.3   9970.4    10000
read     1770.5  1609.3   173.5   306.5   362.1  1996.0  2148.7  2230.3  2338.3  2865.5  3361.4  3779.5  4197.6 21495.8 33535.5  15004.4    15000
read     1466.9  1380.8   187.4   291.0   341.3  1331.1  2092.2  2177.4  2256.7  2355.0  2560.3  3131.7  3993.3 18910.6 35600.1  19952.4    20000
read     1285.8  1269.7   173.5   284.9   328.5   708.1  2008.5  2125.5  2191.2  2297.8  2434.1  2773.9  3946.8 15682.5 31541.9  25048.1    25000
read     2914.7  4230.7   218.6   883.3   949.6  1184.2  2136.0  4818.0  4952.0  5086.0  5733.2  6443.8 29631.4 37880.5 48384.8  27064.6    30000
read     2956.7  4246.7   173.5   910.5   967.7  1198.9  2193.7  4845.5  4970.5  5095.6  5744.3  6385.0 29640.1 38553.7 50405.6  26941.6    35000
read     2903.7  4281.0   173.5   898.6   951.6  1148.0  2086.4  4812.7  4941.7  5070.7  5723.0  6352.1 30383.1 37563.7 44024.7  27641.0    40000
read     2966.0  4278.3   202.4   897.9   957.3  1185.1  2148.1  4827.6  4965.8  5104.0  5813.8  6434.8 29891.7 37677.7 40882.7  26895.2    45000
read     2905.2  4232.7   202.4   895.8   951.2  1162.3  2119.8  4826.8  4954.1  5081.3  5705.6  8852.8 30450.7 37416.8 44459.6  27404.5    50000
read     2921.7  4210.1   236.1   907.0   959.2  1174.6  2160.7  4837.0  4958.5  5080.0  5706.5  8352.8 30450.9 37304.7 44044.6  27246.6    55000
Warning! Detected max cpu usage > 95%
CPU Usage Stats (avg/min/max): 78.11%,3.06%,100.00%
