#type       avg     std     min      p5     p10     p50     p67     p75     p80     p85     p90     p95     p99    p999   p9999     QPS   target
read      412.9   390.5   173.5   243.8   278.0   400.7   435.3   455.5   468.4   486.9   507.5   545.0   637.5  4809.1 28263.9   4979.0     5000
read      466.6   429.3   173.5   234.8   253.9   454.1   516.5   548.3   572.3   598.0   634.9   692.7   851.9  5864.1 12788.2   9867.2    10000
read      506.4   809.1   173.5   238.2   264.5   479.1   560.9   608.8   644.5   690.9   746.0   826.5   994.0  3614.5 15256.7  15045.6    15000
read      556.4   326.2   173.5   246.4   276.9   522.8   614.4   672.4   719.8   777.9   851.1   954.2  1215.1  4013.6 10865.0  20031.0    20000
read      570.7   360.4   173.5   240.9   268.1   527.9   628.6   696.0   750.2   818.8   903.6  1018.9  1329.6  3926.2 12579.8  24917.4    25000
read      611.5   600.8   173.5   239.6   267.5   551.9   666.7   738.4   793.5   858.1   942.6  1077.8  1442.3  9581.8 22857.0  29925.4    30000
read      604.0   614.6   148.8   240.1   265.9   524.9   652.0   741.1   807.8   882.8   973.3  1114.4  1454.2  9700.2 21004.1  35039.4    35000
read      640.6   823.5   173.5   240.0   269.2   562.2   693.9   773.8   831.6   899.9   991.1  1155.6  1575.7 11241.6 31907.2  40097.8    40000
read      630.6   614.9   173.5   246.3   282.2   595.7   720.6   784.9   832.4   893.2   977.2  1113.2  1385.6  3960.8 17405.1  45025.0    45000
read      753.2   695.9   173.5   277.2   335.1   697.2   839.1   919.5   980.0  1054.6  1158.4  1382.8  1985.2  5572.7 22376.8  49819.6    50000
read     1337.3  1041.0   173.5   933.1   978.7  1135.6  1193.7  1261.0  1429.9  2019.9  2139.1  2269.6  2476.2 17409.3 30030.5  50349.4    55000
Warning! Detected max cpu usage > 95%
CPU Usage Stats (avg/min/max): 89.79%,69.04%,100.00%
