#type       avg     std     min      p5     p10     p50     p67     p75     p80     p85     p90     p95     p99    p999   p9999     QPS   target
read      426.8   278.2   173.5   245.5   278.9   414.1   454.2   475.2   492.2   509.1   535.0   574.0   691.5  4928.4  8678.1   5033.6     5000
read      481.4   329.9   173.5   240.8   262.1   472.1   537.3   571.6   594.6   625.9   666.3   733.3   903.9  4213.6 12653.5  10031.0    10000
read      522.6  1135.4   173.5   244.6   270.6   489.5   575.6   624.8   663.5   711.7   771.7   856.1  1078.6  4176.0 15219.6  14974.0    15000
read      557.6   381.6   173.5   241.8   271.0   526.2   611.7   666.1   712.3   771.2   842.2   939.2  1196.5  4348.1 16102.3  19951.0    20000
read      591.8   696.4   173.5   245.0   274.0   560.3   656.1   718.4   767.1   826.9   902.2  1019.2  1287.2  4156.0 15603.8  25059.6    25000
read      615.8  1140.1   173.5   245.8   276.1   570.3   680.8   749.7   804.1   866.8   947.1  1091.5  1405.7  4475.7 16599.5  29952.6    30000
read      616.5   441.3   173.5   243.9   272.5   568.0   688.0   764.5   820.6   887.9   975.8  1122.9  1467.6  5320.6 12892.6  34972.2    35000
read      603.7   391.8   173.5   240.9   268.1   544.2   671.2   753.2   817.5   893.2   993.4  1166.9  1493.0  3482.8 12729.7  39836.8    40000
read      632.5   366.0   173.5   248.9   284.5   592.3   725.9   798.3   851.4   914.7   999.1  1137.2  1445.9  3554.2 12386.2  45036.4    45000
read      698.8   431.3   173.5   275.4   327.0   643.2   784.0   863.4   924.3  1003.1  1108.8  1283.2  1706.1  3418.9 15305.4  50011.3    50000
read     1365.0   873.2   187.4   951.5  1014.0  1171.3  1245.4  1289.5  1421.4  2044.1  2201.7  2329.6  2542.6 13809.9 30086.4  49127.6    55000
Warning! Detected max cpu usage > 95%
CPU Usage Stats (avg/min/max): 84.32%,22.11%,100.00%
