#type       avg     std     min      p5     p10     p50     p67     p75     p80     p85     p90     p95     p99    p999   p9999     QPS   target
read     2618.3  2965.4   173.5  1300.6  1365.0  1974.8  2027.1  2137.7  3778.8  3866.9  3955.1  4043.3 20178.6 32519.6 42599.4   5019.4     5000
read     2029.5  2112.8   187.4   297.7   348.3  1973.4  2076.6  2147.5  2191.9  3322.2  3714.1  3931.4  7610.5 30681.1 34423.1   9944.2    10000
read     1653.1  1518.9   173.5   292.2   349.1  1928.4  2066.0  2146.8  2197.3  2325.9  3109.4  3494.4  4040.7 21131.0 31535.3  15030.6    15000
read     1435.4  1349.2   173.5   285.2   332.7  1499.1  2027.4  2128.7  2193.3  2298.9  2500.6  3069.9  3897.1 19059.8 29367.5  20042.4    20000
read     1276.2  1273.7   173.5   286.2   331.6   736.6  1955.0  2069.8  2153.9  2251.8  2366.1  2684.7  3964.0 16633.6 31588.7  24850.8    25000
read     2934.0  4317.4   187.4   895.2   958.0  1182.0  2117.9  4802.9  4944.2  5085.5  5779.2  8919.4 30687.1 37233.3 42616.3  26957.8    30000
read     3001.3  4271.0   236.1   920.0   980.3  1234.6  2274.7  4859.5  4982.9  5106.3  5764.3  6388.7 30321.6 37597.8 43960.7  26461.6    35000
read     2958.5  4295.3   236.1   912.5   965.6  1183.4  2147.2  4826.0  4956.7  5087.3  5775.1  8820.0 30153.0 37831.0 49439.8  27044.0    40000
read     2904.8  4264.7   218.6   900.9   954.6  1151.4  2105.9  4821.9  4947.8  5073.7  5726.6  6417.1 30505.8 37870.9 48748.9  27488.6    45000
read     2915.5  4316.1   202.4   902.9   955.0  1149.9  2046.9  4797.2  4942.4  5087.6  5845.8  9010.6 30469.7 37617.4 44878.8  27372.8    50000
read     3051.9  4413.3   218.6   939.8  1001.6  1246.9  2261.5  4857.0  4989.4  5121.8  5870.8  8794.6 30497.5 39113.8 56654.6  26311.4    55000
Warning! Detected max cpu usage > 95%
CPU Usage Stats (avg/min/max): 84.12%,20.60%,100.00%
