#type       avg     std     min      p5     p10     p50     p67     p75     p80     p85     p90     p95     p99    p999   p9999     QPS   target
read      407.1   340.0   173.5   242.8   271.7   392.1   427.2   446.0   459.2   472.6   495.3   529.3   625.7  5806.6 12632.7   4958.8     5000
read      448.6   360.1   173.5   239.0   258.5   439.7   498.5   529.2   549.3   576.4   609.3   661.3   779.3  4365.6 19889.3   9995.0    10000
read      513.5   539.0   173.5   242.3   270.1   477.0   553.2   601.1   637.6   683.5   738.2   819.6  1030.1  4999.2 30405.4  15035.8    15000
read      555.7   421.4   173.5   240.5   271.8   531.2   610.5   663.5   706.2   757.1   816.6   902.0  1075.7  6093.9 18984.0  19957.4    20000
read      576.7   425.5   173.5   239.0   267.5   544.4   640.2   702.7   748.9   808.7   882.8   997.7  1248.4  4389.6 19120.8  25056.8    25000
read      608.1   454.9   173.5   242.4   271.5   576.8   686.4   749.0   801.1   861.4   941.6  1058.1  1267.2  4603.7 17557.6  30109.5    30000
read      610.1   415.9   173.5   239.7   267.2   575.5   696.2   766.4   817.3   877.1   964.1  1080.5  1316.9  4064.7 15978.6  34839.2    35000
read      624.9   481.9   173.5   245.8   276.9   589.0   709.4   776.9   826.7   889.8   980.2  1105.2  1352.7  5500.8 19421.0  40070.2    40000
read      623.6   388.3   173.5   251.3   282.4   559.7   695.2   782.4   848.0   928.3  1031.0  1181.6  1496.9  3915.6 12658.1  44848.8    45000
read      647.9   424.0   173.5   260.4   298.5   574.9   716.7   808.2   878.5   965.4  1074.9  1240.2  1538.1  3940.7 15309.5  49914.8    50000
read     1345.1   896.8   187.4   953.5  1001.3  1150.2  1217.6  1270.0  1377.2  2031.7  2160.1  2296.6  2518.9 14811.9 31963.9  49907.2    55000
Warning! Detected max cpu usage > 95%
CPU Usage Stats (avg/min/max): 82.61%,13.57%,100.00%
