#type       avg     std     min      p5     p10     p50     p67     p75     p80     p85     p90     p95     p99    p999   p9999     QPS   target
read      412.2   397.3   173.5   245.3   272.9   392.0   428.5   448.7   462.6   479.2   501.5   536.9   641.6  7597.5 16596.6   4997.0     5000
read      471.4   642.6   173.5   239.9   261.0   448.9   511.1   542.9   565.8   590.6   626.1   679.8   819.6  6712.2 36381.3   9960.0    10000
read      508.2   350.3   173.5   241.8   270.1   484.8   560.8   605.9   641.2   686.6   739.7   813.1   994.9  3886.0 14642.2  15030.8    15000
read      547.6   380.6   173.5   242.7   270.2   508.5   594.4   654.5   702.1   761.5   832.4   937.6  1186.9  4647.0 10875.1  19864.8    20000
read      581.2   421.1   173.5   240.5   267.9   541.5   640.0   705.8   756.9   819.8   900.5  1031.2  1300.7  4128.2 16334.3  25113.2    25000
read      603.4   387.3   173.5   239.7   269.0   576.5   683.7   746.3   795.3   854.4   932.9  1046.4  1244.0  5540.4 12557.6  29990.9    30000
read      618.0   466.7   173.5   240.7   270.4   588.0   700.8   764.4   812.5   872.7   963.3  1084.9  1280.8  6107.3 15880.0  35122.1    35000
read      618.6   385.5   173.5   245.7   276.0   588.1   707.0   773.4   823.3   886.4   977.1  1099.9  1336.8  3952.1 12808.2  39824.5    40000
read      634.0   448.4   173.5   250.1   282.5   579.1   717.1   795.6   855.1   928.2  1026.3  1169.4  1456.9  4109.4 16127.8  44964.4    45000
read     1333.9   873.2   187.4   776.0   989.2  1182.4  1249.7  1282.2  1350.9  1887.9  2213.5  2351.6  2554.3 12932.2 31286.3  48498.4    50000
read     1358.3   913.9   187.4   975.6  1026.7  1162.6  1227.6  1269.1  1346.4  2048.7  2195.3  2319.9  2534.2 15095.3 31294.6  49353.4    55000
Warning! Detected max cpu usage > 95%
CPU Usage Stats (avg/min/max): 79.19%,5.05%,100.00%
