#type       avg     std     min      p5     p10     p50     p67     p75     p80     p85     p90     p95     p99    p999   p9999     QPS   target
read      500.3   941.2   187.4   248.4   277.5   423.9   475.3   504.1   525.8   549.1   585.3   642.8  2330.4 10192.1 31851.7   5024.4     5000
read      613.8   927.9   173.5   255.7   293.7   518.7   618.3   675.6   716.1   762.0   821.2   924.7  2622.9 13288.2 32117.3  10053.9    10000
read      665.6   876.2   173.5   254.9   300.2   591.3   703.2   769.5   816.6   869.8   946.7  1059.4  1834.0 10699.3 36163.3  15047.4    15000
read      733.2   815.0   187.4   253.2   295.7   662.3   789.4   858.4   915.0   985.3  1070.7  1191.4  1998.7 13052.7 29749.4  19966.8    20000
read      751.6   775.4   173.5   253.5   292.1   688.7   830.7   906.3   965.4  1036.2  1129.3  1272.2  2150.2 10424.1 31160.9  24898.0    25000
read      748.4   669.3   173.5   250.1   285.2   680.4   847.1   935.3   999.0  1077.1  1178.9  1345.0  1990.9  8378.9 29171.8  29919.6    30000
read      775.2   815.0   173.5   256.9   298.4   695.5   863.3   953.0  1020.3  1101.1  1201.4  1365.4  2182.2 11725.3 30899.8  35016.8    35000
read      944.3   863.2   173.5   295.6   376.6   850.3  1048.1  1166.5  1246.3  1330.4  1439.1  1741.8  2705.4 12303.5 31634.1  40039.8    40000
read     1569.2  1115.4   173.5  1121.5  1192.1  1348.4  1420.5  1473.6  1544.5  2207.3  2521.0  2698.0  3006.7 19694.9 34195.3  42732.2    45000
read     1637.3  1305.8   187.4  1195.1  1227.9  1376.7  1454.1  1493.5  1583.3  2269.8  2604.8  2752.5  3220.6 25323.6 35007.8  41819.6    50000
read     1840.5  1496.0   187.4  1359.8  1404.2  1568.8  1639.7  1698.9  1735.8  1953.5  2875.9  3116.4  3724.5 28396.5 35714.8  37810.4    55000
Warning! Detected max cpu usage > 95%
CPU Usage Stats (avg/min/max): 79.47%,6.00%,100.00%
