#type       avg     std     min      p5     p10     p50     p67     p75     p80     p85     p90     p95     p99    p999   p9999     QPS   target
read     2590.7  2875.5   187.4  1295.8  1353.9  1966.6  2018.5  2097.9  3773.5  3863.0  3952.6  4042.2 19812.6 31901.9 36573.4   4970.0     5000
read     2036.0  2011.6   187.4   303.0   355.1  1971.6  2073.3  2151.6  2204.9  3464.3  3771.3  3946.7  6346.6 30832.4 37535.5   9996.6    10000
read     1665.3  1612.8   173.5   301.4   358.9  1924.3  2048.4  2135.8  2190.3  2327.1  3139.5  3515.4  4069.8 24373.7 33311.7  14973.6    15000
read     1404.2  1198.4   160.7   284.4   330.3  1508.0  2010.9  2109.9  2178.5  2276.3  2432.3  3049.6  3734.7 15765.4 27374.9  19972.8    20000
read     1272.9  1154.0   173.5   287.4   333.4   736.4  1957.5  2068.3  2149.9  2245.4  2362.6  2717.0  3852.6 13424.7 28600.4  25012.0    25000
read     2588.3  4037.7   187.4   612.3   788.6  1090.9  1884.5  2484.4  4809.5  4989.0  5486.4  6180.0 29732.8 37398.9 49784.8  28602.4    30000
read     2968.7  4301.8   218.6   909.7   965.3  1186.7  2182.0  4844.8  4969.5  5094.2  5748.7  6408.2 30460.3 37491.4 50732.0  26904.4    35000
read     2970.6  4424.5   218.6   899.1   957.6  1184.5  2099.9  4803.2  4946.4  5089.6  5828.5  8984.6 30738.4 37712.4 49499.0  27053.2    40000
read     2969.7  4302.0   236.1   901.1   959.0  1185.4  2186.4  4847.2  4976.2  5105.2  5742.2  6409.7 30266.7 38654.5 56868.2  26898.4    45000
read     2946.0  4261.0   346.9   914.5   962.6  1175.4  2134.9  4833.4  4964.6  5095.8  5765.8  6682.7 30334.3 37369.4 47921.4  27098.2    50000
read     2857.9  4149.8   218.6   883.4   938.0  1147.7  2058.1  4810.5  4941.3  5072.2  5688.9  6367.4 29343.0 37654.6 49527.7  27812.6    55000
Warning! Detected max cpu usage > 95%
CPU Usage Stats (avg/min/max): 80.41%,8.04%,100.00%
