#type       avg     std     min      p5     p10     p50     p67     p75     p80     p85     p90     p95     p99    p999   p9999     QPS   target
read      554.7  1489.2   173.5   241.4   270.8   407.7   456.6   482.5   501.5   526.6   561.4   635.6  4386.7 29963.3 42189.2   5027.2     5000
read      669.7  1439.3   187.4   244.8   276.6   519.1   611.9   664.6   702.5   746.5   804.1   928.4  4408.9 29576.9 37274.5  10006.2    10000
read      615.5   819.3   173.5   241.9   273.1   532.1   638.1   711.0   765.3   825.0   905.3  1035.7  1830.6 12342.9 36356.2  14996.4    15000
read      642.8   598.7   173.5   241.4   273.2   581.9   699.2   776.2   832.6   902.8   995.8  1126.1  1530.3  6906.6 30403.6  20083.8    20000
read      684.1   818.6   173.5   239.8   268.5   579.4   726.8   819.1   892.3   985.2  1089.6  1261.5  2085.9 10002.1 31810.4  25037.4    25000
read      714.2   734.7   173.5   248.2   282.4   639.3   788.2   867.7   932.4  1008.8  1105.3  1262.8  1933.9 10732.4 30681.6  30004.2    30000
read      724.2   779.4   173.5   244.4   276.8   638.5   802.4   888.5   955.0  1036.6  1140.7  1298.4  2182.0 10249.8 31820.4  34854.6    35000
read      720.4   675.5   173.5   248.1   284.4   645.1   808.0   897.1   964.2  1044.6  1147.4  1306.2  1973.0 10380.9 29372.8  39989.2    40000
read     1466.8  1149.0   173.5   994.9  1063.4  1246.9  1326.0  1379.3  1487.8  2107.2  2328.7  2501.3  2914.2 19864.0 34139.9  44613.6    45000
read     1527.4  1079.6   173.5  1112.3  1154.6  1302.0  1365.1  1418.0  1486.7  2225.4  2452.4  2599.2  2920.3 18358.0 33897.7  44386.6    50000
read     1492.3  1163.2   173.5  1075.3  1115.8  1254.9  1326.4  1375.4  1474.5  2212.4  2376.2  2513.6  2850.1 20747.3 35022.7  45510.4    55000
Warning! Detected max cpu usage > 95%
CPU Usage Stats (avg/min/max): 78.80%,4.04%,100.00%
