#type       avg     std     min      p5     p10     p50     p67     p75     p80     p85     p90     p95     p99    p999   p9999     QPS   target
read     2609.6  2898.1   187.4  1296.1  1358.6  1968.2  2021.0  2116.3  3779.6  3868.0  3956.3  4044.7 18948.3 32105.6 39415.8   5025.0     5000
read     2059.8  2037.8   187.4   302.8   355.9  1975.9  2081.6  2158.4  2247.6  3501.4  3784.7  3952.7  6655.3 30764.7 36093.4   9934.8    10000
read     1647.4  1498.9   173.5   292.8   348.2  1926.7  2062.3  2144.8  2196.4  2326.0  3105.5  3513.4  4042.6 18959.6 32447.4  15084.2    15000
read     1427.5  1232.3   173.5   286.2   333.2  1592.0  2021.9  2125.1  2192.9  2296.5  2499.5  3085.6  3880.3 14847.8 29393.8  19939.8    20000
read     1266.0  1147.3   173.5   282.7   326.4   719.4  1960.1  2070.1  2152.2  2247.1  2359.8  2716.6  3777.9 13108.1 28854.4  24953.4    25000
read     3189.6  5512.0   187.4   928.3   997.1  1259.6  2269.8  4857.9  4991.5  5125.0  5855.6  8826.3 31765.3 60048.9 80573.5  26129.2    30000
read     3262.3  5843.3   218.6   933.6   987.4  1245.4  2291.4  4866.9  4995.2  5123.5  5822.0  6625.3 43270.2 58074.4 71103.8  26212.6    35000
read     3143.7  5439.6   202.4   924.4   982.1  1216.6  2167.2  4834.2  4970.5  5106.8  5856.6  8946.6 38199.4 56067.5 67229.6  26637.4    40000
read     3108.5  5424.3   297.4   914.6   968.3  1201.8  2195.7  4850.1  4972.7  5095.2  5738.7  6390.9 31135.3 61648.4 76084.9  26928.0    45000
read     3007.5  4415.3   202.4   911.3   966.5  1218.2  2182.2  4842.5  4977.0  5111.4  5791.3  8252.0 30440.0 37589.2 44840.5  26662.8    50000
read     3026.3  4403.9   275.4   925.9   978.0  1214.2  2197.5  4846.0  4977.9  5109.8  5820.1  8820.0 30791.1 37237.5 42912.0  26683.6    55000
Warning! Detected max cpu usage > 95%
CPU Usage Stats (avg/min/max): 67.93%,13.50%,100.00%
