#type       avg     std     min      p5     p10     p50     p67     p75     p80     p85     p90     p95     p99    p999   p9999     QPS   target
read      426.0   537.1   173.5   243.8   272.1   396.6   433.6   454.1   467.4   485.4   505.9   543.2   733.7  8380.9 24406.2   4954.4     5000
read      465.4   331.4   173.5   238.8   260.1   455.3   518.7   550.0   574.0   600.0   636.6   692.6   834.4  5353.3 12693.1  10053.4    10000
read      508.4   250.9   173.5   242.3   273.3   490.8   570.5   617.0   652.2   693.4   742.4   808.6   957.5  3465.1  8463.2  15059.6    15000
read      555.9   459.8   173.5   242.8   272.6   526.2   607.7   661.7   707.0   762.8   828.9   924.4  1154.4  4657.0 22125.3  20062.0    20000
read      587.9   324.5   173.5   242.2   273.4   567.1   658.2   718.0   765.5   822.7   895.4  1000.4  1185.3  3846.9 10065.1  24968.4    25000
read      605.6   396.7   160.7   241.6   270.8   581.3   685.9   747.1   796.5   855.8   934.1  1047.3  1250.2  5448.7 12544.7  30086.2    30000
read      612.1   454.8   173.5   241.8   268.4   562.9   688.7   764.3   819.9   888.8   985.8  1120.2  1446.2  4547.9 16510.8  34891.0    35000
read      626.0   489.0   173.5   245.5   275.4   585.9   711.6   783.3   837.1   903.5   992.5  1121.0  1368.9  3815.2 19390.2  40020.4    40000
read      623.7   440.5   173.5   247.5   276.8   545.8   688.0   784.6   856.8   943.8  1057.9  1221.7  1555.1  3296.9 14507.2  44999.1    45000
read      763.9   503.2   173.5   288.0   345.5   704.3   855.2   944.2  1011.6  1083.5  1186.4  1421.8  1989.6  3821.0 19356.5  50013.0    50000
read     1337.2   822.6   173.5   921.1   978.2  1152.7  1229.8  1281.1  1479.5  2002.2  2145.7  2286.7  2508.6 11090.7 30720.3  49940.8    55000
Warning! Detected max cpu usage > 95%
CPU Usage Stats (avg/min/max): 82.74%,13.71%,100.00%
