#type       avg     std     min      p5     p10     p50     p67     p75     p80     p85     p90     p95     p99    p999   p9999     QPS   target
read      427.1   549.9   173.5   246.2   276.2   396.8   432.6   453.1   466.6   484.3   504.9   544.2   758.6  7092.5 30533.0   4959.0     5000
read      465.6   349.4   173.5   240.0   262.4   457.4   520.9   551.3   575.2   600.8   633.3   685.6   800.1  4738.3 12840.6  10043.0    10000
read      511.3   369.8   173.5   240.1   271.3   490.2   566.3   611.3   643.5   685.1   734.3   804.4   969.3  5331.6 10990.2  15012.8    15000
read      550.7   339.1   173.5   242.1   271.2   523.9   604.9   660.1   705.2   757.8   823.0   913.6  1110.3  4254.6 12593.4  20043.4    20000
read      580.6   347.6   173.5   241.1   272.0   561.5   649.2   706.0   750.6   806.9   874.9   979.0  1161.8  3801.4 12582.7  24963.0    25000
read      588.1   368.5   173.5   239.9   265.0   542.2   657.6   732.4   791.2   859.4   951.9  1090.4  1364.5  3357.0 12531.5  30034.8    30000
read      608.5   377.3   173.5   241.5   270.7   582.2   696.4   762.9   810.0   870.8   957.5  1070.5  1260.3  3725.6 15369.6  34922.6    35000
read      608.9   370.9   173.5   246.0   273.5   563.6   690.3   766.7   822.5   891.7   985.5  1124.0  1424.2  3371.3 12623.1  39954.4    40000
read      639.8   483.2   160.7   252.4   285.4   589.9   725.6   800.9   857.3   927.6  1018.9  1154.5  1446.6  4654.7 17332.7  44980.6    45000
read      803.8   536.8   173.5   291.8   355.3   739.7   905.3   991.6  1052.6  1127.7  1260.4  1586.4  2068.7  5662.9 19735.4  50009.8    50000
read     1319.1   775.0   218.6   916.9   970.0  1133.8  1198.1  1265.5  1473.4  1983.8  2123.0  2255.9  2470.4 11403.5 29880.5  50519.6    55000
Warning! Detected max cpu usage > 95%
CPU Usage Stats (avg/min/max): 80.71%,8.08%,100.00%
