#type       avg     std     min      p5     p10     p50     p67     p75     p80     p85     p90     p95     p99    p999   p9999     QPS   target
read      450.6   632.3   187.4   253.5   282.0   412.7   454.3   477.0   494.3   513.0   543.9   608.0  1087.8  6996.9 32231.2   4973.0     5000
read      480.6   325.4   173.5   241.5   265.3   471.1   535.5   569.0   591.6   622.0   660.2   723.7   926.7  4257.5 12490.5  10001.2    10000
read      517.1   352.6   173.5   246.8   276.0   488.9   567.4   614.8   651.5   696.0   749.1   829.1  1040.9  5183.0 12678.9  14953.2    15000
read      559.6   355.9   173.5   243.6   273.6   528.1   612.9   669.3   716.3   773.8   842.0   943.1  1173.8  4071.1 13258.4  20010.4    20000
read      574.0   353.3   173.5   242.1   270.1   538.8   635.5   699.1   750.3   813.2   890.9  1012.2  1274.6  4199.0 12432.0  25148.0    25000
read      602.2   358.4   173.5   240.5   270.3   581.9   683.3   745.4   794.8   852.8   929.5  1042.4  1237.4  3799.2 12711.9  29968.8    30000
read      615.9   482.4   173.5   243.4   270.1   564.5   688.5   765.6   823.9   892.5   988.6  1130.1  1458.0  6170.9 19532.0  35044.8    35000
read      619.7   441.0   160.7   244.4   273.1   572.6   703.2   778.4   833.1   899.7   991.0  1128.8  1425.1  4163.4 18976.4  40001.6    40000
read      637.3   415.6   173.5   252.6   285.4   585.0   722.3   801.5   859.6   932.0  1027.0  1169.7  1467.9  3867.7 15317.4  44973.0    45000
read      835.7   639.7   173.5   287.3   348.6   770.9   948.2  1025.9  1076.5  1145.0  1274.3  1723.9  2168.8  8264.0 21334.3  49863.2    50000
read     1371.9   889.8   187.4   985.9  1034.6  1179.4  1247.0  1280.9  1365.6  2049.3  2220.9  2346.1  2553.2 14348.0 30648.6  48913.0    55000
Warning! Detected max cpu usage > 95%
CPU Usage Stats (avg/min/max): 81.01%,9.05%,100.00%
