#type       avg     std     min      p5     p10     p50     p67     p75     p80     p85     p90     p95     p99    p999   p9999     QPS   target
read      477.5   551.9   187.4   266.5   294.8   439.5   487.3   512.4   533.4   557.4   594.3   685.6  1217.2  7275.8 24229.3   4986.6     5000
read      496.2   361.3   173.5   243.3   266.3   484.2   552.4   587.1   612.9   641.1   685.4   758.7   948.2  5861.4 12533.0  10002.4    10000
read      524.0   391.3   173.5   245.1   272.8   500.1   581.3   626.2   661.2   705.0   761.7   845.4  1073.5  4513.1 12516.1  15013.0    15000
read      561.8   467.8   173.5   243.6   273.0   524.8   612.8   670.6   719.0   777.6   848.5   959.4  1245.2  4915.3 16258.9  20037.4    20000
read      579.0   376.8   173.5   240.2   266.5   544.4   639.0   706.1   757.7   820.3   898.7  1031.2  1315.8  4013.2 14767.7  25065.8    25000
read      600.5   366.5   173.5   240.5   268.5   572.0   680.5   746.2   796.5   855.1   929.2  1050.1  1283.4  3999.8 12720.3  30086.4    30000
read      614.9   419.0   173.5   243.2   271.7   569.3   690.4   765.4   821.0   887.2   979.7  1116.5  1454.4  4668.8 13120.1  35232.3    35000
read      622.4   462.3   173.5   245.1   275.6   565.5   692.7   771.7   830.5   903.6  1001.9  1157.4  1516.8  6262.1 16077.5  39913.2    40000
read      629.8   421.3   160.7   246.8   282.0   593.1   718.5   784.8   834.9   898.7   988.9  1116.8  1367.3  4043.5 15498.3  45058.2    45000
read      677.4   713.0   173.5   265.7   313.8   626.8   760.8   835.6   892.4   971.5  1077.5  1238.5  1523.6  3924.4 15074.5  49779.8    50000
read     1369.2  1110.5   173.5   973.9  1026.8  1164.9  1233.3  1275.0  1371.1  2061.3  2202.9  2323.8  2538.7 15616.9 32598.9  49254.2    55000
Warning! Detected max cpu usage > 95%
CPU Usage Stats (avg/min/max): 78.78%,2.02%,100.00%
