#type       avg     std     min      p5     p10     p50     p67     p75     p80     p85     p90     p95     p99    p999   p9999     QPS   target
read      409.0   320.6   173.5   243.9   274.8   392.4   429.9   450.5   464.3   481.6   503.1   538.7   637.2  5785.8 12209.2   4954.2     5000
read      463.0   378.4   160.7   229.8   250.6   455.7   523.6   557.4   580.5   606.5   636.6   686.8   799.8  4953.9 16273.6   9984.4    10000
read      498.4   430.0   160.7   229.8   253.6   476.5   569.1   616.3   648.3   687.0   735.0   803.2   973.4  3859.7 15716.8  14918.4    15000
read      526.2   292.1   160.7   228.4   255.0   503.6   600.1   657.0   698.8   747.1   806.3   890.9  1082.3  2488.9 10462.0  19961.8    20000
read      552.0   401.2   160.7   229.5   256.6   529.6   624.6   680.7   724.7   778.2   844.4   934.5  1124.3  3707.5 14979.4  25074.4    25000
read      559.9   329.8   160.7   231.3   256.6   517.3   628.3   696.9   751.6   820.1   903.0  1027.3  1348.0  2571.2 11525.6  29915.1    30000
read      582.7   339.4   160.7   239.5   267.0   553.0   675.2   741.7   789.8   844.7   913.4  1016.0  1234.8  2467.5 12166.9  34958.8    35000
read      601.9   425.9   160.7   240.8   272.2   563.7   693.9   767.6   818.6   874.8   943.7  1062.9  1308.6  2143.1 19990.1  39998.4    40000
read      577.7   433.3   160.7   235.2   263.2   500.8   632.3   729.3   804.2   885.8   980.0  1118.9  1427.3  2879.8 17689.9  45160.2    45000
read     1135.6   822.3   173.5   391.5   514.1  1094.8  1168.7  1216.2  1257.0  1343.9  2005.2  2227.7  2461.7  9844.6 30524.5  49581.0    50000
read     1352.7   898.7   187.4   972.8  1023.4  1159.1  1224.1  1268.1  1344.2  2005.5  2173.5  2310.6  2531.6 14384.3 30868.1  49748.2    55000
Warning! Detected max cpu usage > 95%
CPU Usage Stats (avg/min/max): 80.42%,6.63%,100.00%
