#type       avg     std     min      p5     p10     p50     p67     p75     p80     p85     p90     p95     p99    p999   p9999     QPS   target
read      417.3   412.2   173.5   244.0   278.5   399.6   436.2   457.3   470.7   489.9   509.9   547.5   670.6  5629.3 19251.2   4918.8     5000
read      458.0   365.7   160.7   223.3   244.2   451.2   515.7   548.5   571.0   593.7   627.4   676.4   797.0  7544.7 12759.5   9960.6    10000
read      487.1   411.7   160.7   224.7   246.8   464.6   553.3   599.8   633.5   673.0   719.8   786.2   928.3  4279.1 13683.0  15090.4    15000
read      525.9   315.9   160.7   227.9   253.7   499.6   595.6   651.8   695.1   743.2   803.8   892.6  1092.8  3701.0 10745.2  19997.8    20000
read      552.3   398.0   160.7   227.2   255.7   528.6   621.7   678.5   723.1   776.0   841.8   932.6  1154.0  3803.8 14875.3  25059.4    25000
read      564.7   347.7   160.7   228.5   254.1   537.8   646.9   711.0   756.4   811.8   881.9   991.2  1247.7  3829.7 10901.3  30096.6    30000
read      548.9   365.0   160.7   226.3   250.0   491.2   630.9   715.6   773.9   838.2   911.2  1006.5  1194.5  3356.3 14055.2  35049.0    35000
read      587.9   389.8   160.7   232.7   264.2   557.7   678.8   743.0   789.6   845.4   916.1  1022.7  1244.0  4985.0 13953.4  39923.4    40000
read      603.4   378.9   160.7   238.5   272.8   547.8   684.5   765.2   822.8   888.3   974.3  1116.9  1454.6  2259.2 13358.9  44854.6    45000
read      726.9   581.1   160.7   267.6   324.7   663.3   817.2   899.5   956.8  1027.6  1134.3  1354.6  1898.8  5825.2 25148.1  50104.0    50000
read     1375.3   950.2   173.5   977.1  1031.8  1190.9  1259.1  1307.9  1371.6  2021.7  2219.0  2357.4  2558.1 15196.6 33637.9  48879.1    55000
Warning! Detected max cpu usage > 95%
CPU Usage Stats (avg/min/max): 79.40%,4.57%,100.00%
