#type       avg     std     min      p5     p10     p50     p67     p75     p80     p85     p90     p95     p99    p999   p9999     QPS   target
read      422.1   451.5   173.5   244.3   277.6   393.9   432.8   456.5   472.2   494.6   521.9   568.7   774.0  6721.4 19737.1   4997.2     5000
read      474.2   258.5   160.7   230.8   252.4   465.2   532.9   566.4   589.1   618.7   656.4   727.2  1162.8  2812.4  7532.5  10027.2    10000
read      499.8   280.6   160.7   233.6   260.5   483.1   568.8   614.7   646.1   685.3   734.8   812.6  1029.8  2667.0  9363.4  15109.8    15000
read      528.0   290.7   160.7   233.4   261.9   502.3   592.2   647.9   691.7   746.3   811.6   902.7  1125.3  2871.2  8806.2  19864.4    20000
read      563.0   411.8   160.7   233.2   262.6   538.2   630.2   687.5   734.6   791.5   860.1   957.6  1184.2  4470.4 16114.5  25033.8    25000
read      562.6   379.6   160.7   229.8   254.8   509.9   623.2   692.7   750.6   823.6   914.1  1058.7  1416.0  4527.9 11084.9  29921.0    30000
read      586.8   417.7   160.7   235.3   264.0   528.4   649.2   726.4   787.9   861.9   956.9  1118.3  1506.7  3929.9 14765.3  34833.6    35000
read      600.0   393.3   160.7   237.0   267.6   553.1   685.0   759.8   813.1   872.1   948.2  1077.4  1437.4  4311.3 13942.4  40026.0    40000
read      595.9   403.0   160.7   237.3   269.3   527.4   661.2   746.3   811.1   886.6   988.4  1153.0  1510.5  3647.9 14425.6  44897.6    45000
read      664.1   426.2   160.7   261.9   311.5   610.6   755.6   831.7   884.9   948.3  1041.7  1198.1  1584.1  4064.1 15789.1  49984.4    50000
read     1338.7   860.1   173.5   942.1   987.3  1158.2  1233.7  1278.5  1369.5  1972.5  2147.0  2298.4  2527.0 13510.9 31181.0  50072.2    55000
Warning! Detected max cpu usage > 95%
CPU Usage Stats (avg/min/max): 79.60%,5.53%,100.00%
